0.04 0.03 0.04 0.07 0.05 0.06 0.05 0.05 0.07 0.04 0.04 0.07 0.04 0.03 0.04 0.05 0.07 0.08 0.05 0.06 0.07 0.07 0.07 0.07 0.07 0.09 0.08 0.09 0.09 0.08 0.09 0.08 0.06 0.10 0.04 0.04 0.06 0.08 0.02 0.44 0.89 0.85 0.87 0.83 0.82 0.85 0.78 0.80 0.87 0.86 0.87 0.78 0.16 0.05 0.10 0.11 0.17 0.19 0.19 0.16 0.16 0.16 0.15 0.15  
0.03 0.03 0.03 0.06 0.07 0.06 0.05 0.05 0.06 0.04 0.04 0.05 0.03 0.04 0.04 0.04 0.06 0.07 0.05 0.06 0.06 0.04 0.06 0.10 0.07 0.06 0.08 0.09 0.09 0.08 0.10 0.11 0.11 0.16 0.06 0.05 0.07 0.08 0.00 0.49 0.89 0.86 0.88 0.83 0.81 0.85 0.83 0.85 0.89 0.87 0.89 0.61 0.04 0.06 0.10 0.16 0.18 0.18 0.16 0.15 0.16 0.15 0.14 0.13  
0.04 0.03 0.03 0.03 0.05 0.05 0.04 0.05 0.06 0.04 0.04 0.04 0.03 0.03 0.04 0.04 0.05 0.06 0.05 0.05 0.04 0.04 0.11 0.13 0.10 0.08 0.08 0.11 0.10 0.08 0.09 0.16 0.14 0.14 0.09 0.04 0.03 0.07 0.34 0.71 0.87 0.85 0.85 0.84 0.81 0.85 0.90 0.88 0.90 0.91 0.78 0.45 0.08 0.08 0.15 0.17 0.16 0.15 0.14 0.15 0.14 0.13 0.14 0.13  
0.04 0.04 0.04 0.03 0.03 0.04 0.05 0.05 0.05 0.04 0.04 0.04 0.04 0.03 0.04 0.04 0.04 0.06 0.05 0.05 0.06 0.08 0.05 0.06 0.05 0.09 0.11 0.12 0.10 0.09 0.06 0.16 0.60 0.36 0.20 0.18 0.25 0.62 0.95 0.83 0.84 0.86 0.85 0.85 0.81 0.84 0.90 0.89 0.92 0.74 0.47 0.49 0.36 0.13 0.15 0.15 0.15 0.15 0.14 0.14 0.15 0.15 0.15 0.15  
0.04 0.04 0.03 0.03 0.03 0.05 0.06 0.05 0.04 0.05 0.05 0.04 0.04 0.03 0.04 0.04 0.04 0.05 0.06 0.06 0.09 0.07 0.28 0.31 0.21 0.08 0.05 0.06 0.08 0.09 0.06 0.50 1.00 0.91 0.80 0.80 0.92 0.97 0.89 0.84 0.87 0.87 0.86 0.87 0.83 0.84 0.88 0.92 0.82 0.44 0.55 0.65 0.58 0.17 0.13 0.15 0.15 0.14 0.14 0.15 0.15 0.15 0.16 0.16  
0.03 0.04 0.03 0.04 0.03 0.06 0.07 0.05 0.05 0.05 0.05 0.05 0.04 0.04 0.04 0.03 0.04 0.05 0.08 0.07 0.10 0.08 0.37 0.39 0.33 0.25 0.36 0.38 0.23 0.04 0.62 0.93 0.88 0.91 0.89 0.61 0.83 0.96 0.94 0.95 0.89 0.87 0.89 0.89 0.85 0.83 0.89 0.84 0.50 0.41 0.49 0.55 0.57 0.16 0.13 0.15 0.15 0.14 0.14 0.16 0.16 0.17 0.17 0.18  
0.05 0.05 0.04 0.03 0.02 0.05 0.07 0.04 0.04 0.04 0.04 0.04 0.04 0.04 0.02 0.03 0.01 0.03 0.10 0.35 0.05 0.10 0.30 0.20 0.09 0.10 0.38 1.00 0.56 0.11 0.87 0.90 0.89 0.91 0.86 0.63 0.80 0.94 0.94 0.93 0.91 0.88 0.91 0.89 0.88 0.83 0.93 0.63 0.38 0.51 0.60 0.61 0.56 0.18 0.14 0.15 0.15 0.15 0.15 0.17 0.17 0.18 0.18 0.19  
0.04 0.04 0.03 0.03 0.03 0.03 0.06 0.04 0.03 0.02 0.03 0.05 0.02 0.05 0.06 0.04 0.13 0.10 0.08 0.75 0.28 0.12 0.17 0.03 0.09 0.23 0.12 0.50 0.73 0.33 0.90 0.87 0.89 0.91 0.87 0.62 0.73 0.96 0.96 0.90 0.88 0.90 0.91 0.87 0.89 0.85 0.93 0.68 0.47 0.49 0.61 0.62 0.56 0.16 0.15 0.15 0.16 0.15 0.16 0.18 0.18 0.19 0.20 0.20  
0.03 0.04 0.03 0.03 0.03 0.03 0.02 0.02 0.06 0.02 0.02 0.03 0.02 0.06 0.15 0.11 0.45 0.31 0.14 0.80 0.43 0.15 0.06 0.09 0.25 0.41 0.42 0.24 0.54 0.59 0.88 0.87 0.89 0.90 0.87 0.62 0.63 0.98 0.96 0.90 0.87 0.90 0.90 0.87 0.89 0.86 0.93 0.78 0.52 0.58 0.64 0.65 0.50 0.14 0.17 0.16 0.16 0.16 0.17 0.18 0.19 0.20 0.20 0.20  
0.03 0.04 0.04 0.02 0.03 0.03 0.02 0.02 0.16 0.05 0.02 0.03 0.03 0.02 0.00 0.09 0.43 0.36 0.26 0.63 0.29 0.09 0.07 0.20 0.40 0.49 0.55 0.36 0.23 0.72 0.87 0.85 0.89 0.91 0.87 0.71 0.67 0.95 0.91 0.89 0.89 0.92 0.89 0.87 0.85 0.86 0.93 0.85 0.53 0.56 0.62 0.66 0.41 0.15 0.18 0.17 0.17 0.16 0.18 0.20 0.20 0.21 0.21 0.21  
0.04 0.04 0.04 0.03 0.03 0.03 0.03 0.01 0.33 0.15 0.02 0.04 0.04 0.03 0.02 0.01 0.13 0.37 0.25 0.46 0.21 0.06 0.13 0.29 0.46 0.50 0.53 0.48 0.18 0.68 0.91 0.85 0.88 0.91 0.84 0.75 0.60 0.93 0.92 0.85 0.87 0.96 0.92 0.91 0.84 0.86 0.90 0.93 0.65 0.58 0.64 0.60 0.21 0.17 0.18 0.18 0.18 0.17 0.18 0.20 0.21 0.22 0.22 0.22  
0.04 0.05 0.04 0.04 0.03 0.03 0.03 0.02 0.40 0.26 0.02 0.05 0.05 0.03 0.02 0.02 0.00 0.12 0.24 0.29 0.14 0.14 0.19 0.42 0.53 0.43 0.51 0.58 0.25 0.38 0.91 0.85 0.89 0.91 0.83 0.81 0.52 0.73 0.95 0.76 0.88 0.97 0.95 0.94 0.85 0.86 0.89 0.94 0.78 0.60 0.71 0.57 0.18 0.18 0.18 0.18 0.18 0.18 0.19 0.22 0.22 0.22 0.22 0.22  
0.04 0.05 0.04 0.04 0.04 0.03 0.03 0.04 0.45 0.36 0.04 0.05 0.04 0.04 0.02 0.02 0.02 0.00 0.27 0.22 0.16 0.18 0.30 0.48 0.40 0.36 0.41 0.48 0.43 0.21 0.78 0.89 0.91 0.91 0.83 0.83 0.48 0.57 0.92 0.75 0.93 0.96 0.96 0.95 0.85 0.87 0.90 0.91 0.91 0.61 0.35 0.26 0.18 0.19 0.19 0.18 0.19 0.19 0.20 0.22 0.22 0.22 0.22 0.22  
0.05 0.05 0.04 0.05 0.05 0.03 0.02 0.07 0.51 0.49 0.12 0.05 0.04 0.04 0.03 0.02 0.02 0.01 0.07 0.22 0.24 0.23 0.43 0.49 0.49 0.58 0.61 0.57 0.56 0.27 0.62 0.92 0.91 0.91 0.84 0.77 0.44 0.55 0.87 0.82 0.97 0.97 0.97 0.96 0.86 0.87 0.91 0.89 0.91 0.61 0.18 0.16 0.21 0.19 0.20 0.20 0.20 0.20 0.20 0.22 0.22 0.22 0.22 0.24  
0.05 0.05 0.04 0.05 0.05 0.04 0.01 0.11 0.55 0.62 0.27 0.05 0.05 0.04 0.03 0.02 0.02 0.02 0.08 0.24 0.26 0.28 0.45 0.53 0.52 0.58 0.58 0.55 0.60 0.35 0.51 0.93 0.92 0.91 0.86 0.68 0.30 0.32 0.62 0.93 0.96 0.96 0.97 0.97 0.85 0.88 0.92 0.88 0.87 0.65 0.28 0.17 0.21 0.20 0.21 0.21 0.21 0.21 0.22 0.23 0.22 0.23 0.22 0.23  
0.05 0.05 0.04 0.06 0.04 0.06 0.02 0.16 0.62 0.74 0.47 0.05 0.06 0.03 0.03 0.02 0.03 0.02 0.09 0.28 0.27 0.35 0.44 0.47 0.47 0.62 0.68 0.63 0.56 0.42 0.46 0.92 0.93 0.93 0.81 0.55 0.22 0.22 0.25 0.71 0.99 0.94 0.98 0.97 0.85 0.89 0.93 0.84 0.78 0.71 0.33 0.17 0.20 0.18 0.19 0.20 0.20 0.19 0.20 0.20 0.20 0.21 0.23 0.25  
0.05 0.04 0.04 0.06 0.04 0.07 0.02 0.25 0.83 0.77 0.60 0.09 0.07 0.03 0.02 0.02 0.03 0.02 0.09 0.30 0.30 0.42 0.35 0.36 0.58 0.69 0.69 0.58 0.34 0.38 0.45 0.90 0.94 0.95 0.67 0.39 0.21 0.25 0.31 0.41 0.87 0.96 0.97 0.96 0.84 0.90 0.86 0.81 0.79 0.70 0.36 0.21 0.23 0.25 0.27 0.28 0.29 0.33 0.38 0.41 0.45 0.47 0.49 0.53  
0.05 0.05 0.05 0.05 0.05 0.07 0.01 0.28 0.76 0.75 0.47 0.07 0.07 0.04 0.02 0.03 0.04 0.02 0.08 0.31 0.33 0.37 0.18 0.20 0.26 0.41 0.49 0.32 0.25 0.22 0.41 0.87 0.96 0.93 0.72 0.42 0.20 0.38 0.58 0.57 0.69 0.97 0.96 0.89 0.81 0.82 0.81 0.82 0.78 0.64 0.26 0.31 0.40 0.49 0.50 0.47 0.47 0.50 0.57 0.61 0.62 0.62 0.62 0.60  
0.05 0.05 0.07 0.05 0.09 0.11 0.01 0.29 0.39 0.38 0.24 0.02 0.06 0.05 0.02 0.04 0.03 0.11 0.40 0.31 0.34 0.35 0.24 0.29 0.25 0.24 0.32 0.31 0.40 0.36 0.44 0.85 0.96 0.91 0.78 0.42 0.21 0.51 0.65 0.70 0.65 0.90 0.98 0.78 0.74 0.76 0.79 0.81 0.73 0.59 0.22 0.30 0.41 0.47 0.47 0.47 0.50 0.51 0.55 0.58 0.60 0.60 0.61 0.62  
0.05 0.06 0.07 0.06 0.08 0.13 0.03 0.39 0.32 0.13 0.15 0.09 0.08 0.06 0.03 0.05 0.02 0.20 0.59 0.33 0.35 0.46 0.43 0.47 0.44 0.31 0.28 0.43 0.60 0.51 0.54 0.84 0.97 0.84 0.68 0.33 0.31 0.52 0.52 0.64 0.65 0.84 0.91 0.54 0.52 0.75 0.77 0.77 0.73 0.60 0.22 0.29 0.39 0.44 0.44 0.47 0.51 0.53 0.56 0.57 0.59 0.62 0.63 0.62  
0.07 0.09 0.07 0.07 0.13 0.11 0.03 0.46 0.42 0.02 0.05 0.07 0.08 0.07 0.04 0.06 0.03 0.24 0.54 0.32 0.41 0.53 0.56 0.53 0.54 0.31 0.40 0.54 0.60 0.56 0.63 0.84 0.96 0.75 0.55 0.35 0.43 0.45 0.48 0.58 0.64 0.76 0.73 0.41 0.45 0.56 0.75 0.76 0.75 0.59 0.19 0.27 0.37 0.42 0.41 0.46 0.51 0.53 0.56 0.58 0.59 0.62 0.63 0.61  
0.10 0.09 0.07 0.07 0.16 0.15 0.03 0.53 0.54 0.03 0.01 0.04 0.09 0.07 0.05 0.06 0.03 0.31 0.48 0.33 0.50 0.59 0.64 0.60 0.53 0.42 0.65 0.70 0.58 0.67 0.69 0.82 0.93 0.69 0.51 0.45 0.51 0.39 0.38 0.52 0.61 0.65 0.56 0.40 0.46 0.47 0.63 0.75 0.75 0.52 0.15 0.25 0.34 0.40 0.38 0.44 0.51 0.53 0.56 0.59 0.60 0.62 0.64 0.63  
0.11 0.09 0.07 0.08 0.13 0.17 0.06 0.57 0.66 0.24 0.24 0.27 0.11 0.05 0.05 0.08 0.04 0.38 0.45 0.29 0.56 0.65 0.72 0.72 0.63 0.52 0.69 0.69 0.67 0.76 0.71 0.82 0.89 0.65 0.45 0.45 0.53 0.24 0.40 0.56 0.48 0.57 0.46 0.37 0.45 0.49 0.53 0.70 0.77 0.36 0.11 0.26 0.29 0.36 0.36 0.43 0.48 0.53 0.56 0.59 0.61 0.63 0.64 0.63  
0.11 0.09 0.08 0.09 0.11 0.15 0.09 0.64 0.73 0.56 0.43 0.71 0.14 0.05 0.05 0.05 0.03 0.44 0.42 0.28 0.58 0.64 0.69 0.71 0.68 0.57 0.62 0.68 0.69 0.67 0.65 0.77 0.86 0.61 0.40 0.44 0.40 0.26 0.65 0.70 0.39 0.48 0.50 0.31 0.32 0.43 0.47 0.66 0.48 0.03 0.15 0.27 0.25 0.30 0.34 0.45 0.47 0.51 0.56 0.61 0.64 0.65 0.65 0.63  
0.11 0.09 0.07 0.10 0.10 0.12 0.11 0.69 0.82 0.38 0.00 0.40 0.21 0.03 0.04 0.04 0.03 0.44 0.44 0.29 0.56 0.63 0.62 0.60 0.63 0.57 0.60 0.65 0.67 0.67 0.69 0.46 0.28 0.16 0.16 0.38 0.37 0.29 0.33 0.60 0.49 0.42 0.52 0.30 0.41 0.51 0.47 0.47 0.05 0.00 0.20 0.25 0.25 0.26 0.35 0.49 0.49 0.50 0.58 0.63 0.64 0.65 0.66 0.63  
0.10 0.10 0.08 0.08 0.11 0.11 0.13 0.75 0.76 0.17 0.06 0.12 0.19 0.03 0.02 0.04 0.07 0.31 0.27 0.27 0.55 0.62 0.56 0.59 0.62 0.53 0.60 0.66 0.62 0.52 0.55 0.23 0.03 0.01 0.21 0.38 0.51 0.32 0.31 0.64 0.56 0.52 0.61 0.50 0.62 0.68 0.57 0.27 0.00 0.06 0.23 0.25 0.24 0.25 0.39 0.52 0.50 0.49 0.58 0.62 0.63 0.65 0.65 0.62  
0.09 0.11 0.10 0.10 0.13 0.10 0.16 0.80 0.56 0.09 0.09 0.05 0.11 0.04 0.03 0.06 0.05 0.20 0.24 0.24 0.51 0.52 0.36 0.36 0.46 0.49 0.62 0.66 0.46 0.36 0.54 0.16 0.05 0.08 0.34 0.44 0.57 0.36 0.50 0.68 0.57 0.67 0.67 0.67 0.61 0.66 0.63 0.47 0.03 0.17 0.25 0.28 0.25 0.24 0.40 0.50 0.52 0.51 0.60 0.62 0.62 0.65 0.67 0.61  
0.08 0.09 0.11 0.10 0.13 0.09 0.21 0.82 0.35 0.09 0.09 0.18 0.24 0.14 0.02 0.05 0.07 0.07 0.18 0.18 0.46 0.51 0.49 0.45 0.42 0.44 0.67 0.66 0.47 0.62 0.50 0.18 0.07 0.07 0.30 0.49 0.65 0.50 0.55 0.72 0.71 0.78 0.66 0.58 0.56 0.61 0.63 0.60 0.19 0.26 0.24 0.25 0.25 0.25 0.37 0.50 0.51 0.54 0.61 0.63 0.64 0.67 0.69 0.60  
0.07 0.08 0.09 0.10 0.11 0.07 0.28 0.77 0.20 0.10 0.17 0.33 0.36 0.25 0.06 0.05 0.06 0.07 0.16 0.11 0.37 0.45 0.49 0.47 0.31 0.45 0.71 0.71 0.44 0.35 0.45 0.23 0.15 0.09 0.31 0.51 0.61 0.53 0.55 0.73 0.64 0.68 0.64 0.56 0.40 0.33 0.45 0.65 0.40 0.33 0.27 0.15 0.25 0.29 0.34 0.47 0.51 0.62 0.65 0.60 0.62 0.69 0.69 0.59  
0.06 0.06 0.07 0.07 0.11 0.06 0.35 0.71 0.14 0.11 0.21 0.24 0.19 0.22 0.10 0.03 0.09 0.05 0.16 0.16 0.28 0.50 0.45 0.36 0.42 0.62 0.75 0.79 0.69 0.60 0.58 0.23 0.21 0.21 0.35 0.51 0.50 0.50 0.58 0.65 0.51 0.63 0.65 0.56 0.22 0.05 0.26 0.60 0.49 0.33 0.33 0.20 0.20 0.27 0.31 0.41 0.43 0.54 0.65 0.60 0.60 0.60 0.69 0.62  
0.26 0.11 0.07 0.04 0.09 0.04 0.36 0.63 0.09 0.13 0.19 0.26 0.39 0.29 0.15 0.04 0.07 0.05 0.15 0.23 0.34 0.51 0.60 0.61 0.73 0.79 0.79 0.79 0.81 0.75 0.60 0.25 0.23 0.28 0.40 0.42 0.32 0.37 0.53 0.59 0.39 0.38 0.65 0.52 0.42 0.56 0.53 0.49 0.48 0.30 0.34 0.32 0.27 0.25 0.33 0.38 0.45 0.52 0.58 0.64 0.64 0.58 0.58 0.60  
0.28 0.21 0.28 0.20 0.09 0.01 0.33 0.57 0.08 0.12 0.23 0.36 0.56 0.48 0.22 0.07 0.05 0.05 0.11 0.23 0.39 0.53 0.63 0.63 0.69 0.73 0.75 0.75 0.74 0.70 0.62 0.31 0.25 0.33 0.41 0.44 0.32 0.30 0.57 0.64 0.31 0.45 0.63 0.50 0.52 0.58 0.59 0.53 0.49 0.30 0.35 0.33 0.32 0.27 0.34 0.42 0.52 0.55 0.59 0.62 0.67 0.62 0.51 0.36  
0.13 0.21 0.36 0.40 0.33 0.13 0.22 0.56 0.09 0.12 0.24 0.42 0.55 0.33 0.13 0.12 0.06 0.05 0.15 0.19 0.38 0.59 0.64 0.63 0.66 0.70 0.75 0.76 0.74 0.70 0.60 0.31 0.33 0.36 0.39 0.42 0.47 0.46 0.67 0.68 0.51 0.62 0.58 0.51 0.58 0.40 0.49 0.66 0.58 0.26 0.34 0.32 0.31 0.33 0.39 0.45 0.55 0.56 0.59 0.60 0.63 0.64 0.34 0.23  
0.09 0.27 0.35 0.39 0.40 0.39 0.16 0.35 0.13 0.12 0.13 0.18 0.23 0.20 0.16 0.15 0.04 0.06 0.15 0.11 0.35 0.61 0.62 0.64 0.68 0.70 0.75 0.77 0.75 0.71 0.50 0.22 0.28 0.31 0.46 0.41 0.59 0.67 0.73 0.75 0.78 0.76 0.58 0.53 0.62 0.49 0.62 0.70 0.53 0.21 0.31 0.36 0.35 0.33 0.31 0.40 0.56 0.57 0.61 0.63 0.55 0.48 0.22 0.18  
0.04 0.20 0.33 0.38 0.43 0.42 0.37 0.23 0.13 0.12 0.15 0.18 0.19 0.15 0.20 0.25 0.07 0.08 0.16 0.10 0.26 0.55 0.60 0.64 0.69 0.72 0.75 0.77 0.74 0.70 0.33 0.16 0.17 0.36 0.55 0.42 0.60 0.67 0.73 0.79 0.78 0.75 0.57 0.55 0.68 0.66 0.64 0.58 0.30 0.13 0.29 0.38 0.36 0.29 0.24 0.36 0.53 0.58 0.64 0.64 0.48 0.29 0.14 0.05  
0.02 0.11 0.33 0.33 0.42 0.44 0.48 0.42 0.13 0.21 0.22 0.18 0.25 0.28 0.23 0.23 0.09 0.10 0.15 0.15 0.11 0.42 0.57 0.62 0.69 0.71 0.75 0.76 0.72 0.56 0.20 0.13 0.22 0.39 0.49 0.47 0.58 0.67 0.71 0.79 0.80 0.73 0.57 0.61 0.56 0.55 0.58 0.33 0.10 0.11 0.27 0.40 0.35 0.24 0.24 0.37 0.49 0.56 0.64 0.63 0.34 0.04 0.03 0.02  
0.02 0.13 0.32 0.24 0.38 0.44 0.46 0.29 0.15 0.27 0.25 0.26 0.34 0.28 0.22 0.23 0.12 0.11 0.13 0.16 0.09 0.22 0.47 0.59 0.66 0.71 0.74 0.67 0.52 0.29 0.18 0.29 0.28 0.40 0.44 0.48 0.57 0.67 0.73 0.78 0.80 0.70 0.55 0.61 0.46 0.49 0.47 0.22 0.13 0.11 0.26 0.40 0.30 0.36 0.41 0.40 0.48 0.56 0.65 0.59 0.17 0.03 0.03 0.05  
0.07 0.14 0.33 0.22 0.29 0.41 0.47 0.28 0.19 0.24 0.25 0.26 0.26 0.25 0.22 0.16 0.11 0.12 0.12 0.18 0.14 0.09 0.19 0.31 0.40 0.49 0.44 0.28 0.22 0.17 0.24 0.67 0.40 0.44 0.45 0.37 0.42 0.62 0.69 0.70 0.71 0.56 0.55 0.52 0.49 0.69 0.64 0.28 0.13 0.11 0.25 0.35 0.35 0.47 0.58 0.55 0.46 0.56 0.66 0.53 0.09 0.02 0.04 0.12  
0.09 0.16 0.27 0.21 0.24 0.39 0.50 0.22 0.19 0.22 0.21 0.22 0.20 0.20 0.19 0.14 0.14 0.13 0.12 0.18 0.17 0.11 0.09 0.10 0.12 0.14 0.16 0.18 0.18 0.17 0.36 0.70 0.49 0.46 0.45 0.35 0.34 0.35 0.43 0.46 0.45 0.37 0.60 0.59 0.57 0.67 0.77 0.35 0.11 0.13 0.24 0.47 0.35 0.42 0.60 0.67 0.53 0.52 0.66 0.44 0.03 0.02 0.13 0.20  
0.10 0.20 0.22 0.19 0.20 0.38 0.48 0.20 0.16 0.12 0.15 0.16 0.10 0.09 0.10 0.13 0.16 0.13 0.13 0.17 0.22 0.13 0.12 0.14 0.12 0.14 0.18 0.17 0.23 0.27 0.66 0.83 0.59 0.40 0.47 0.25 0.35 0.23 0.21 0.27 0.31 0.42 0.62 0.60 0.62 0.73 0.71 0.34 0.13 0.13 0.36 0.41 0.17 0.34 0.56 0.68 0.61 0.51 0.64 0.30 0.00 0.07 0.24 0.20  
0.25 0.24 0.21 0.22 0.23 0.31 0.41 0.29 0.10 0.15 0.13 0.11 0.19 0.25 0.21 0.20 0.20 0.13 0.14 0.15 0.22 0.24 0.15 0.12 0.14 0.17 0.16 0.27 0.31 0.37 0.84 0.75 0.62 0.22 0.37 0.24 0.39 0.45 0.36 0.32 0.39 0.53 0.68 0.62 0.69 0.75 0.59 0.26 0.13 0.18 0.46 0.22 0.20 0.35 0.60 0.71 0.63 0.56 0.58 0.16 0.00 0.14 0.27 0.19  
0.33 0.29 0.22 0.18 0.33 0.36 0.33 0.31 0.21 0.26 0.18 0.24 0.39 0.40 0.35 0.24 0.18 0.13 0.15 0.16 0.16 0.55 0.43 0.16 0.17 0.26 0.27 0.32 0.37 0.36 0.63 0.25 0.33 0.24 0.17 0.20 0.41 0.53 0.55 0.55 0.37 0.52 0.71 0.62 0.63 0.73 0.42 0.23 0.11 0.29 0.47 0.30 0.35 0.56 0.44 0.63 0.64 0.59 0.53 0.09 0.02 0.22 0.28 0.19  
0.32 0.40 0.35 0.19 0.26 0.37 0.31 0.27 0.23 0.32 0.27 0.33 0.45 0.49 0.35 0.20 0.16 0.12 0.15 0.15 0.17 0.77 0.42 0.32 0.36 0.32 0.35 0.37 0.38 0.24 0.09 0.02 0.31 0.41 0.22 0.17 0.43 0.41 0.60 0.68 0.56 0.60 0.67 0.64 0.56 0.60 0.34 0.18 0.11 0.40 0.44 0.25 0.36 0.56 0.58 0.50 0.60 0.61 0.47 0.04 0.06 0.29 0.29 0.21  
0.44 0.47 0.42 0.35 0.21 0.21 0.25 0.22 0.25 0.41 0.28 0.26 0.39 0.49 0.40 0.22 0.17 0.12 0.15 0.11 0.25 0.76 0.18 0.33 0.40 0.36 0.42 0.34 0.17 0.18 0.33 0.22 0.44 0.47 0.25 0.18 0.38 0.40 0.42 0.49 0.59 0.38 0.23 0.63 0.65 0.42 0.24 0.16 0.15 0.45 0.53 0.27 0.47 0.64 0.49 0.34 0.53 0.65 0.41 0.02 0.08 0.30 0.29 0.16  
0.57 0.55 0.38 0.38 0.36 0.22 0.16 0.18 0.16 0.39 0.35 0.27 0.39 0.42 0.34 0.29 0.19 0.11 0.14 0.09 0.36 0.84 0.13 0.12 0.19 0.19 0.24 0.16 0.09 0.25 0.53 0.31 0.69 0.42 0.38 0.43 0.29 0.20 0.47 0.62 0.53 0.17 0.22 0.31 0.53 0.35 0.29 0.21 0.20 0.24 0.37 0.50 0.64 0.64 0.59 0.35 0.57 0.66 0.34 0.00 0.10 0.25 0.27 0.15  
0.55 0.62 0.41 0.24 0.32 0.35 0.19 0.08 0.10 0.27 0.34 0.25 0.30 0.27 0.24 0.32 0.14 0.11 0.15 0.09 0.46 0.92 0.20 0.12 0.17 0.09 0.13 0.15 0.12 0.19 0.31 0.16 0.39 0.35 0.32 0.59 0.23 0.33 0.50 0.59 0.49 0.18 0.37 0.32 0.24 0.17 0.22 0.22 0.22 0.30 0.19 0.49 0.75 0.56 0.39 0.53 0.66 0.64 0.39 0.10 0.14 0.16 0.24 0.43  
0.49 0.65 0.53 0.42 0.26 0.21 0.28 0.29 0.16 0.16 0.25 0.20 0.22 0.24 0.22 0.12 0.14 0.11 0.15 0.10 0.56 0.94 0.59 0.48 0.76 0.29 0.14 0.16 0.13 0.19 0.28 0.35 0.42 0.18 0.08 0.49 0.24 0.42 0.41 0.51 0.51 0.36 0.56 0.53 0.29 0.24 0.35 0.27 0.22 0.43 0.33 0.51 0.74 0.59 0.60 0.72 0.69 0.62 0.65 0.26 0.17 0.18 0.17 0.53  
0.51 0.60 0.55 0.54 0.51 0.45 0.53 0.64 0.37 0.07 0.15 0.18 0.18 0.17 0.12 0.10 0.19 0.16 0.13 0.13 0.65 0.91 0.53 0.19 0.65 0.70 0.15 0.18 0.15 0.21 0.38 0.38 0.44 0.22 0.25 0.36 0.25 0.36 0.29 0.52 0.50 0.52 0.62 0.53 0.33 0.26 0.46 0.29 0.26 0.36 0.39 0.64 0.65 0.58 0.65 0.75 0.71 0.62 0.60 0.16 0.18 0.17 0.18 0.54  
0.19 0.62 0.61 0.55 0.57 0.65 0.71 0.46 0.27 0.12 0.09 0.10 0.10 0.09 0.09 0.11 0.22 0.22 0.20 0.17 0.81 0.66 0.10 0.13 0.36 0.61 0.21 0.15 0.15 0.29 0.42 0.28 0.31 0.33 0.27 0.34 0.30 0.33 0.40 0.56 0.50 0.44 0.44 0.54 0.27 0.35 0.53 0.33 0.29 0.48 0.56 0.66 0.47 0.30 0.62 0.73 0.70 0.64 0.44 0.15 0.23 0.09 0.27 0.61  
0.04 0.25 0.64 0.58 0.52 0.63 0.65 0.40 0.19 0.15 0.11 0.11 0.09 0.09 0.09 0.14 0.22 0.48 0.27 0.24 0.81 0.27 0.23 0.33 0.33 0.43 0.21 0.08 0.27 0.41 0.42 0.42 0.41 0.33 0.25 0.28 0.35 0.48 0.38 0.37 0.45 0.38 0.28 0.27 0.26 0.34 0.50 0.37 0.34 0.50 0.62 0.58 0.51 0.30 0.42 0.75 0.69 0.58 0.36 0.12 0.35 0.29 0.47 0.65  
0.05 0.06 0.22 0.58 0.65 0.60 0.61 0.53 0.30 0.18 0.13 0.09 0.10 0.11 0.16 0.20 0.20 0.21 0.22 0.32 0.55 0.24 0.45 0.56 0.53 0.24 0.07 0.09 0.31 0.36 0.53 0.46 0.42 0.43 0.25 0.26 0.42 0.63 0.51 0.61 0.50 0.40 0.31 0.31 0.32 0.34 0.53 0.36 0.33 0.55 0.64 0.63 0.49 0.61 0.65 0.73 0.67 0.39 0.24 0.10 0.39 0.48 0.42 0.48  
0.07 0.09 0.01 0.22 0.66 0.59 0.60 0.59 0.49 0.36 0.30 0.20 0.22 0.23 0.22 0.19 0.27 0.22 0.24 0.30 0.35 0.36 0.51 0.49 0.56 0.33 0.08 0.14 0.30 0.41 0.62 0.58 0.60 0.55 0.25 0.30 0.43 0.64 0.60 0.61 0.58 0.42 0.27 0.24 0.42 0.56 0.52 0.35 0.30 0.58 0.65 0.69 0.67 0.64 0.75 0.75 0.55 0.30 0.17 0.11 0.40 0.51 0.40 0.28  
0.09 0.09 0.06 0.06 0.54 0.62 0.54 0.55 0.56 0.58 0.51 0.53 0.37 0.22 0.20 0.18 0.20 0.26 0.24 0.18 0.27 0.44 0.46 0.42 0.51 0.49 0.15 0.08 0.24 0.46 0.49 0.56 0.64 0.54 0.26 0.29 0.34 0.30 0.44 0.61 0.50 0.44 0.36 0.24 0.34 0.62 0.63 0.45 0.29 0.55 0.66 0.69 0.77 0.75 0.75 0.70 0.46 0.36 0.13 0.08 0.38 0.48 0.50 0.38  
0.06 0.05 0.07 0.03 0.33 0.66 0.54 0.53 0.51 0.42 0.46 0.44 0.19 0.18 0.24 0.22 0.25 0.32 0.34 0.32 0.31 0.48 0.37 0.37 0.37 0.52 0.24 0.27 0.21 0.46 0.47 0.49 0.55 0.45 0.27 0.27 0.41 0.35 0.39 0.54 0.25 0.46 0.39 0.31 0.33 0.56 0.47 0.49 0.28 0.45 0.65 0.69 0.76 0.77 0.76 0.59 0.44 0.33 0.21 0.14 0.30 0.48 0.51 0.59  
0.06 0.06 0.07 0.05 0.15 0.64 0.61 0.53 0.56 0.34 0.25 0.41 0.35 0.31 0.21 0.27 0.26 0.34 0.45 0.37 0.34 0.44 0.37 0.47 0.53 0.53 0.26 0.25 0.25 0.56 0.55 0.57 0.59 0.43 0.29 0.31 0.49 0.53 0.58 0.57 0.31 0.48 0.45 0.33 0.51 0.50 0.44 0.53 0.35 0.34 0.60 0.70 0.74 0.77 0.67 0.49 0.39 0.37 0.29 0.34 0.30 0.47 0.53 0.58  
0.06 0.06 0.07 0.08 0.04 0.41 0.57 0.53 0.55 0.53 0.53 0.57 0.56 0.37 0.22 0.25 0.27 0.28 0.52 0.30 0.39 0.46 0.48 0.40 0.56 0.59 0.33 0.05 0.26 0.57 0.66 0.69 0.72 0.40 0.31 0.34 0.52 0.64 0.73 0.67 0.47 0.55 0.47 0.33 0.56 0.60 0.50 0.56 0.48 0.36 0.33 0.60 0.68 0.65 0.52 0.43 0.44 0.45 0.23 0.33 0.40 0.50 0.52 0.56  
0.06 0.07 0.07 0.08 0.06 0.20 0.54 0.27 0.52 0.55 0.61 0.58 0.53 0.36 0.20 0.24 0.20 0.27 0.33 0.37 0.50 0.58 0.51 0.44 0.59 0.73 0.37 0.11 0.22 0.54 0.66 0.68 0.69 0.32 0.33 0.35 0.51 0.62 0.68 0.64 0.55 0.60 0.41 0.34 0.57 0.65 0.67 0.71 0.59 0.48 0.25 0.29 0.42 0.45 0.39 0.38 0.33 0.42 0.42 0.55 0.46 0.33 0.44 0.55  
0.07 0.07 0.15 0.09 0.07 0.11 0.47 0.25 0.27 0.56 0.57 0.62 0.53 0.37 0.21 0.16 0.17 0.20 0.20 0.43 0.52 0.67 0.65 0.66 0.71 0.73 0.47 0.11 0.16 0.33 0.60 0.68 0.56 0.22 0.33 0.38 0.53 0.64 0.72 0.56 0.59 0.63 0.37 0.29 0.48 0.67 0.67 0.73 0.74 0.53 0.43 0.29 0.38 0.36 0.36 0.32 0.29 0.56 0.58 0.37 0.14 0.32 0.19 0.25  
0.07 0.08 0.12 0.07 0.07 0.10 0.31 0.26 0.18 0.44 0.61 0.66 0.42 0.43 0.18 0.10 0.17 0.18 0.15 0.36 0.52 0.57 0.56 0.62 0.58 0.56 0.53 0.14 0.16 0.20 0.35 0.51 0.44 0.15 0.33 0.38 0.45 0.53 0.54 0.52 0.63 0.64 0.29 0.27 0.27 0.55 0.69 0.61 0.64 0.72 0.50 0.51 0.46 0.42 0.39 0.47 0.44 0.52 0.18 0.05 0.06 0.15 0.18 0.07  
0.07 0.09 0.10 0.07 0.13 0.10 0.22 0.29 0.24 0.24 0.45 0.36 0.35 0.51 0.11 0.12 0.11 0.12 0.12 0.35 0.48 0.40 0.38 0.54 0.41 0.47 0.52 0.17 0.20 0.20 0.22 0.39 0.27 0.16 0.28 0.39 0.33 0.40 0.47 0.62 0.66 0.59 0.20 0.30 0.23 0.25 0.40 0.36 0.20 0.62 0.75 0.70 0.59 0.52 0.56 0.56 0.55 0.20 0.07 0.08 0.08 0.08 0.11 0.13  
0.07 0.09 0.11 0.08 0.10 0.08 0.12 0.25 0.20 0.21 0.20 0.17 0.46 0.37 0.09 0.10 0.11 0.12 0.11 0.30 0.49 0.41 0.38 0.53 0.45 0.54 0.55 0.17 0.18 0.18 0.17 0.16 0.17 0.19 0.20 0.43 0.43 0.45 0.60 0.61 0.74 0.35 0.18 0.26 0.33 0.21 0.22 0.21 0.22 0.21 0.54 0.69 0.74 0.70 0.61 0.44 0.16 0.09 0.07 0.06 0.07 0.08 0.07 0.07  
0.08 0.09 0.09 0.09 0.09 0.12 0.10 0.20 0.24 0.17 0.19 0.29 0.49 0.26 0.09 0.09 0.10 0.11 0.09 0.30 0.53 0.52 0.46 0.67 0.62 0.62 0.52 0.14 0.16 0.16 0.16 0.19 0.19 0.20 0.19 0.33 0.59 0.46 0.52 0.77 0.49 0.21 0.24 0.19 0.34 0.35 0.40 0.36 0.25 0.12 0.17 0.27 0.61 0.58 0.19 0.13 0.09 0.10 0.06 0.05 0.05 0.05 0.06 0.06  
0.09 0.10 0.10 0.13 0.13 0.12 0.13 0.14 0.27 0.39 0.37 0.33 0.33 0.16 0.09 0.10 0.09 0.10 0.08 0.31 0.47 0.60 0.65 0.69 0.69 0.65 0.49 0.15 0.18 0.18 0.17 0.20 0.21 0.21 0.22 0.21 0.33 0.46 0.53 0.41 0.26 0.29 0.26 0.21 0.24 0.31 0.24 0.28 0.19 0.15 0.14 0.13 0.15 0.18 0.11 0.11 0.09 0.09 0.07 0.05 0.05 0.05 0.07 0.07  
0.13 0.13 0.11 0.10 0.11 0.11 0.13 0.11 0.12 0.21 0.24 0.13 0.13 0.09 0.09 0.09 0.09 0.09 0.07 0.25 0.48 0.57 0.60 0.67 0.67 0.64 0.47 0.14 0.20 0.20 0.20 0.21 0.22 0.22 0.23 0.24 0.26 0.24 0.24 0.23 0.27 0.29 0.28 0.25 0.23 0.20 0.20 0.21 0.19 0.16 0.14 0.12 0.12 0.12 0.11 0.09 0.08 0.07 0.06 0.05 0.05 0.04 0.06 0.07  
