1.00 1.00 1.00 1.00 1.00 1.00 1.00 1.00 1.00 1.00 1.00 1.00 1.00 1.00 1.00 1.00 1.00 1.00 1.00 1.00 0.99 1.00 1.00 1.00 1.00 0.92 0.81 0.72 0.65 0.63 0.64 0.69 0.78 0.89 0.99 1.00 1.00 1.00 0.99 0.99 1.00 1.00 1.00 1.00 1.00 1.00 1.00 1.00 1.00 1.00 1.00 1.00 1.00 1.00 1.00 1.00 1.00 1.00 1.00 1.00 1.00 1.00 1.00 1.00  
1.00 1.00 1.00 1.00 1.00 1.00 1.00 1.00 1.00 1.00 1.00 1.00 1.00 1.00 1.00 1.00 1.00 1.00 0.99 1.00 1.00 1.00 0.81 0.57 0.38 0.25 0.20 0.17 0.16 0.15 0.16 0.17 0.18 0.23 0.33 0.50 0.73 0.95 1.00 1.00 0.99 1.00 1.00 1.00 1.00 1.00 1.00 1.00 1.00 1.00 1.00 1.00 1.00 1.00 1.00 1.00 1.00 1.00 1.00 1.00 1.00 1.00 1.00 1.00  
1.00 1.00 1.00 1.00 1.00 1.00 1.00 1.00 1.00 1.00 1.00 1.00 1.00 1.00 1.00 1.00 0.99 1.00 1.00 0.96 0.65 0.34 0.17 0.15 0.16 0.19 0.20 0.21 0.20 0.27 0.24 0.20 0.21 0.20 0.17 0.15 0.15 0.26 0.54 0.88 1.00 1.00 0.99 1.00 1.00 1.00 1.00 1.00 1.00 1.00 1.00 1.00 1.00 1.00 1.00 1.00 1.00 1.00 1.00 1.00 1.00 1.00 1.00 1.00  
1.00 1.00 1.00 1.00 1.00 1.00 1.00 1.00 1.00 1.00 1.00 1.00 1.00 1.00 1.00 0.99 1.00 1.00 0.68 0.29 0.15 0.17 0.21 0.22 0.21 0.21 0.20 0.21 0.19 0.29 0.24 0.20 0.20 0.20 0.21 0.22 0.22 0.19 0.15 0.22 0.53 0.93 1.00 0.99 1.00 1.00 1.00 1.00 1.00 1.00 1.00 1.00 1.00 1.00 1.00 1.00 1.00 1.00 1.00 1.00 1.00 1.00 1.00 0.91  
1.00 1.00 1.00 1.00 1.00 1.00 1.00 1.00 1.00 1.00 1.00 1.00 1.00 1.00 0.99 1.00 0.86 0.38 0.15 0.18 0.22 0.21 0.20 0.20 0.20 0.20 0.20 0.20 0.21 0.19 0.20 0.21 0.20 0.20 0.19 0.19 0.20 0.21 0.22 0.20 0.15 0.26 0.71 1.00 1.00 1.00 1.00 1.00 1.00 1.00 1.00 1.00 1.00 1.00 1.00 1.00 1.00 1.00 1.00 1.00 1.00 1.00 0.96 0.69  
1.00 1.00 1.00 1.00 1.00 1.00 1.00 1.00 1.00 1.00 1.00 1.00 1.00 0.99 1.00 0.69 0.22 0.16 0.22 0.21 0.20 0.20 0.20 0.20 0.20 0.20 0.20 0.20 0.20 0.21 0.20 0.18 0.21 0.19 0.27 0.29 0.19 0.21 0.20 0.21 0.22 0.19 0.16 0.51 0.98 1.00 0.99 1.00 1.00 1.00 1.00 1.00 1.00 1.00 1.00 1.00 1.00 1.00 1.00 1.00 0.99 1.00 0.64 0.76  
1.00 1.00 1.00 1.00 1.00 1.00 1.00 1.00 1.00 1.00 1.00 1.00 0.99 1.00 0.57 0.15 0.20 0.22 0.20 0.20 0.20 0.20 0.20 0.20 0.20 0.21 0.19 0.27 0.38 0.17 0.24 0.31 0.20 0.17 0.42 0.49 0.17 0.21 0.20 0.20 0.20 0.21 0.22 0.14 0.37 0.93 1.00 0.99 1.00 1.00 1.00 1.00 1.00 1.00 1.00 1.00 1.00 1.00 1.00 0.99 1.00 0.80 0.44 0.98  
1.00 1.00 1.00 1.00 1.00 1.00 1.00 1.00 1.00 1.00 1.00 0.99 1.00 0.51 0.14 0.22 0.21 0.20 0.20 0.20 0.20 0.20 0.20 0.20 0.19 0.20 0.20 0.22 0.22 0.18 0.24 0.33 0.19 0.20 0.20 0.21 0.20 0.20 0.20 0.20 0.20 0.20 0.20 0.22 0.15 0.31 0.91 1.00 0.99 1.00 1.00 1.00 1.00 1.00 1.00 1.00 1.00 1.00 0.99 1.00 0.90 0.34 0.71 1.00  
1.00 1.00 1.00 1.00 1.00 1.00 1.00 1.00 1.00 1.00 0.99 1.00 0.51 0.14 0.22 0.20 0.20 0.20 0.20 0.20 0.21 0.20 0.20 0.20 0.25 0.20 0.20 0.20 0.22 0.23 0.19 0.18 0.21 0.20 0.20 0.20 0.20 0.20 0.20 0.20 0.20 0.20 0.20 0.20 0.22 0.16 0.30 0.93 1.00 0.99 1.00 1.00 1.00 1.00 1.00 1.00 1.00 0.99 1.00 0.93 0.42 0.39 0.97 1.00  
1.00 1.00 1.00 1.00 1.00 1.00 1.00 1.00 1.00 0.99 1.00 0.58 0.14 0.22 0.20 0.20 0.20 0.20 0.22 0.20 0.19 0.20 0.22 0.20 0.31 0.38 0.22 0.18 0.29 0.27 0.19 0.20 0.20 0.20 0.20 0.20 0.20 0.20 0.20 0.20 0.20 0.20 0.20 0.20 0.20 0.22 0.16 0.36 0.97 0.99 1.00 1.00 1.00 1.00 1.00 1.00 0.99 1.00 0.94 0.47 0.29 0.72 1.00 0.99  
1.00 1.00 1.00 1.00 1.00 1.00 1.00 1.00 0.99 1.00 0.72 0.15 0.21 0.20 0.20 0.20 0.20 0.21 0.15 0.19 0.25 0.22 0.15 0.16 0.21 0.34 0.27 0.19 0.20 0.19 0.24 0.32 0.19 0.21 0.20 0.20 0.20 0.20 0.20 0.20 0.20 0.20 0.20 0.20 0.20 0.20 0.22 0.15 0.47 1.00 0.99 1.00 1.00 1.00 1.00 0.99 1.00 0.93 0.46 0.31 0.47 0.98 1.00 1.00  
1.00 1.00 1.00 1.00 1.00 1.00 1.00 0.99 1.00 0.88 0.22 0.20 0.21 0.20 0.20 0.20 0.21 0.16 0.51 0.77 0.72 0.70 0.63 0.39 0.25 0.23 0.19 0.21 0.21 0.20 0.21 0.24 0.20 0.20 0.20 0.20 0.20 0.20 0.20 0.20 0.20 0.20 0.20 0.20 0.20 0.20 0.20 0.22 0.14 0.66 1.00 0.99 1.00 1.00 0.99 1.00 0.89 0.43 0.35 0.35 0.82 1.00 0.99 1.00  
1.00 1.00 1.00 1.00 1.00 1.00 1.00 0.99 0.99 0.38 0.16 0.22 0.20 0.20 0.20 0.22 0.15 0.54 0.75 0.28 0.21 0.24 0.36 0.59 0.65 0.35 0.15 0.20 0.21 0.20 0.20 0.20 0.20 0.20 0.21 0.22 0.20 0.20 0.20 0.20 0.20 0.20 0.20 0.20 0.20 0.20 0.20 0.21 0.20 0.20 0.87 1.00 0.99 0.99 1.00 0.83 0.39 0.36 0.33 0.60 1.00 0.99 1.00 1.00  
1.00 1.00 1.00 1.00 1.00 1.00 0.99 1.00 0.66 0.15 0.22 0.20 0.20 0.20 0.21 0.18 0.27 0.73 0.18 0.17 0.20 0.20 0.17 0.15 0.30 0.64 0.56 0.18 0.18 0.22 0.20 0.20 0.21 0.18 0.29 0.36 0.18 0.21 0.20 0.20 0.20 0.20 0.20 0.20 0.20 0.20 0.20 0.20 0.22 0.16 0.40 1.00 0.99 1.00 0.73 0.35 0.36 0.36 0.43 0.96 1.00 1.00 1.00 1.00  
1.00 1.00 1.00 1.00 1.00 1.00 1.00 0.93 0.25 0.19 0.21 0.20 0.20 0.20 0.22 0.15 0.48 0.49 0.15 0.23 0.22 0.20 0.18 0.20 0.18 0.15 0.49 0.69 0.25 0.16 0.22 0.20 0.20 0.20 0.20 0.20 0.20 0.20 0.20 0.20 0.20 0.20 0.20 0.20 0.20 0.20 0.20 0.20 0.20 0.22 0.15 0.73 0.99 0.59 0.33 0.37 0.38 0.35 0.85 1.00 0.99 1.00 1.00 1.00  
1.00 1.00 1.00 1.00 1.00 0.99 1.00 0.56 0.15 0.22 0.20 0.20 0.20 0.20 0.22 0.15 0.56 0.36 0.15 0.29 0.29 0.16 0.47 0.30 0.19 0.22 0.14 0.35 0.73 0.31 0.16 0.22 0.20 0.20 0.20 0.20 0.20 0.20 0.20 0.20 0.20 0.20 0.20 0.20 0.20 0.20 0.20 0.20 0.21 0.21 0.17 0.34 0.51 0.32 0.38 0.38 0.32 0.72 1.00 0.99 1.00 1.00 1.00 1.00  
1.00 1.00 1.00 1.00 1.00 1.00 0.91 0.23 0.20 0.21 0.20 0.20 0.20 0.20 0.21 0.16 0.59 0.31 0.18 0.19 0.28 0.26 0.42 0.29 0.19 0.20 0.22 0.15 0.28 0.73 0.33 0.16 0.22 0.20 0.20 0.20 0.20 0.20 0.20 0.20 0.20 0.20 0.20 0.20 0.20 0.20 0.20 0.21 0.20 0.20 0.29 0.35 0.35 0.38 0.38 0.32 0.60 1.00 0.99 1.00 1.00 1.00 1.00 1.00  
1.00 1.00 1.00 1.00 0.99 1.00 0.59 0.15 0.22 0.20 0.20 0.20 0.20 0.20 0.21 0.16 0.60 0.30 0.18 0.20 0.24 0.23 0.17 0.19 0.20 0.20 0.20 0.22 0.16 0.26 0.75 0.31 0.16 0.22 0.20 0.20 0.20 0.20 0.20 0.20 0.20 0.20 0.20 0.20 0.20 0.21 0.20 0.19 0.24 0.33 0.38 0.37 0.37 0.38 0.33 0.52 0.99 0.99 1.00 1.00 1.00 1.00 1.00 1.00  
1.00 1.00 1.00 1.00 1.00 0.97 0.29 0.18 0.21 0.20 0.20 0.20 0.20 0.20 0.21 0.16 0.60 0.33 0.18 0.21 0.20 0.20 0.21 0.20 0.20 0.20 0.20 0.20 0.22 0.16 0.28 0.75 0.27 0.18 0.21 0.20 0.20 0.20 0.20 0.20 0.20 0.20 0.20 0.21 0.20 0.19 0.22 0.30 0.37 0.38 0.36 0.37 0.38 0.34 0.47 0.96 1.00 1.00 1.00 1.00 1.00 1.00 1.00 1.00  
1.00 1.00 1.00 0.99 1.00 0.75 0.16 0.22 0.20 0.20 0.20 0.20 0.20 0.20 0.22 0.15 0.56 0.39 0.16 0.21 0.20 0.20 0.20 0.20 0.20 0.20 0.20 0.20 0.20 0.22 0.16 0.33 0.73 0.21 0.20 0.21 0.20 0.20 0.20 0.20 0.20 0.21 0.20 0.19 0.20 0.27 0.36 0.38 0.37 0.36 0.37 0.37 0.36 0.42 0.94 1.00 1.00 1.00 1.00 1.00 1.00 1.00 1.00 1.00  
1.00 1.00 1.00 0.99 1.00 0.47 0.15 0.22 0.20 0.20 0.20 0.20 0.20 0.20 0.22 0.15 0.50 0.49 0.15 0.22 0.20 0.20 0.20 0.20 0.20 0.20 0.20 0.20 0.20 0.20 0.22 0.14 0.43 0.67 0.16 0.21 0.20 0.20 0.20 0.21 0.20 0.20 0.20 0.25 0.34 0.38 0.37 0.36 0.37 0.37 0.35 0.38 0.34 0.31 0.96 1.00 1.00 1.00 1.00 1.00 1.00 1.00 1.00 1.00  
1.00 1.00 1.00 1.00 0.95 0.27 0.19 0.21 0.20 0.20 0.20 0.20 0.20 0.20 0.21 0.16 0.39 0.60 0.15 0.22 0.20 0.20 0.20 0.20 0.20 0.20 0.20 0.20 0.20 0.20 0.20 0.22 0.13 0.55 0.55 0.14 0.22 0.20 0.20 0.20 0.20 0.25 0.33 0.38 0.38 0.36 0.36 0.38 0.36 0.31 0.36 0.36 0.24 0.15 0.75 1.00 0.99 1.00 1.00 1.00 1.00 1.00 1.00 1.00  
1.00 1.00 0.99 1.00 0.78 0.17 0.21 0.20 0.20 0.20 0.20 0.20 0.20 0.20 0.21 0.19 0.27 0.68 0.19 0.21 0.20 0.20 0.20 0.20 0.20 0.20 0.20 0.20 0.20 0.20 0.20 0.20 0.21 0.15 0.65 0.38 0.16 0.20 0.20 0.25 0.33 0.38 0.38 0.36 0.36 0.37 0.38 0.33 0.26 0.36 0.36 0.22 0.21 0.15 0.53 1.00 0.99 1.00 1.00 1.00 1.00 1.00 1.00 1.00  
1.00 1.00 0.99 1.00 0.58 0.15 0.22 0.20 0.21 0.21 0.21 0.21 0.20 0.20 0.20 0.22 0.17 0.68 0.31 0.18 0.21 0.20 0.21 0.21 0.21 0.21 0.21 0.20 0.20 0.20 0.20 0.20 0.21 0.19 0.24 0.68 0.24 0.24 0.33 0.38 0.38 0.37 0.36 0.37 0.38 0.36 0.27 0.24 0.37 0.35 0.22 0.20 0.21 0.17 0.34 1.00 1.00 1.00 1.00 1.00 1.00 1.00 1.00 1.00  
1.00 1.00 0.99 1.00 0.42 0.16 0.22 0.19 0.18 0.18 0.18 0.18 0.21 0.20 0.20 0.19 0.12 0.53 0.50 0.15 0.22 0.20 0.18 0.19 0.19 0.19 0.19 0.20 0.20 0.20 0.20 0.21 0.20 0.21 0.17 0.43 0.65 0.33 0.40 0.37 0.36 0.37 0.38 0.37 0.30 0.21 0.24 0.38 0.34 0.21 0.20 0.21 0.20 0.20 0.23 0.91 1.00 1.00 1.00 1.00 1.00 1.00 1.00 1.00  
1.00 1.00 1.00 0.97 0.29 0.18 0.20 0.25 0.33 0.31 0.31 0.29 0.20 0.20 0.24 0.30 0.25 0.40 0.67 0.16 0.21 0.21 0.29 0.26 0.26 0.26 0.24 0.20 0.21 0.20 0.20 0.19 0.23 0.26 0.33 0.34 0.65 0.49 0.29 0.35 0.39 0.37 0.32 0.24 0.21 0.26 0.35 0.31 0.19 0.19 0.21 0.20 0.20 0.21 0.17 0.78 1.00 0.99 1.00 1.00 1.00 1.00 1.00 1.00  
1.00 1.00 1.00 0.89 0.22 0.20 0.19 0.28 0.90 0.98 0.98 0.96 0.35 0.16 0.29 0.90 0.96 0.36 0.67 0.30 0.19 0.18 0.69 0.95 0.93 0.95 0.92 0.29 0.17 0.20 0.24 0.31 0.34 0.45 0.78 0.92 0.98 0.97 0.75 0.74 0.36 0.23 0.20 0.18 0.40 0.35 0.65 0.85 0.85 0.39 0.16 0.21 0.20 0.22 0.15 0.65 1.00 0.99 1.00 1.00 1.00 1.00 1.00 1.00  
1.00 0.99 1.00 0.80 0.18 0.21 0.22 0.13 0.64 1.00 0.98 1.00 0.73 0.17 0.14 0.69 0.93 0.11 0.51 0.53 0.15 0.16 0.42 1.00 1.00 1.00 1.00 0.53 0.21 0.35 0.38 0.37 0.41 0.92 1.00 0.98 0.77 0.75 1.00 0.98 0.23 0.18 0.20 0.30 0.36 0.73 1.00 1.00 1.00 0.67 0.15 0.22 0.20 0.22 0.15 0.55 1.00 0.99 1.00 1.00 1.00 1.00 1.00 1.00  
1.00 0.99 1.00 0.72 0.15 0.22 0.22 0.15 0.62 1.00 0.98 0.99 0.99 0.35 0.11 0.67 0.91 0.17 0.26 0.69 0.20 0.15 0.55 1.00 0.99 0.99 1.00 0.81 0.35 0.38 0.38 0.32 0.67 1.00 0.99 0.59 0.15 0.16 0.59 0.66 0.23 0.19 0.33 0.34 0.40 1.00 1.00 0.98 0.99 0.88 0.21 0.20 0.20 0.22 0.15 0.46 1.00 0.99 1.00 1.00 1.00 1.00 1.00 1.00  
1.00 0.99 1.00 0.66 0.15 0.22 0.22 0.15 0.62 1.00 1.00 0.99 1.00 0.73 0.09 0.68 0.91 0.19 0.15 0.59 0.44 0.09 0.75 0.93 0.94 1.00 1.00 0.96 0.41 0.36 0.39 0.33 0.78 1.00 0.99 0.83 0.35 0.15 0.27 0.51 0.18 0.36 0.36 0.16 0.52 0.97 0.92 1.00 0.99 1.00 0.36 0.17 0.21 0.21 0.16 0.40 1.00 0.99 1.00 1.00 1.00 1.00 1.00 1.00  
1.00 0.99 1.00 0.62 0.15 0.22 0.22 0.14 0.65 0.93 0.91 1.00 0.99 0.99 0.26 0.64 0.91 0.18 0.17 0.31 0.57 0.26 0.96 0.65 0.78 1.00 0.98 1.00 0.56 0.31 0.31 0.18 0.67 1.00 0.98 1.00 1.00 0.77 0.36 0.55 0.48 0.29 0.22 0.14 0.76 0.78 0.61 1.00 0.97 1.00 0.58 0.15 0.22 0.21 0.17 0.37 1.00 1.00 1.00 1.00 1.00 1.00 1.00 1.00  
1.00 0.99 1.00 0.60 0.15 0.22 0.22 0.14 0.69 0.80 0.58 1.00 0.98 1.00 0.62 0.60 0.91 0.19 0.28 0.33 0.34 0.47 1.00 0.49 0.62 1.00 0.98 1.00 0.69 0.15 0.21 0.16 0.41 1.00 0.99 0.98 1.00 1.00 0.64 0.40 0.58 0.16 0.21 0.19 0.94 0.58 0.35 1.00 0.98 1.00 0.81 0.18 0.21 0.21 0.17 0.35 1.00 1.00 1.00 1.00 1.00 1.00 1.00 1.00  
1.00 0.99 1.00 0.60 0.15 0.22 0.22 0.14 0.68 0.83 0.24 0.96 1.00 1.00 0.92 0.76 0.90 0.34 0.38 0.39 0.33 0.62 0.96 0.25 0.29 0.96 1.00 1.00 0.89 0.21 0.20 0.22 0.17 0.63 1.00 1.00 0.93 0.49 0.37 0.80 0.79 0.27 0.16 0.31 1.00 0.34 0.13 0.89 1.00 1.00 0.97 0.30 0.18 0.22 0.17 0.35 1.00 1.00 1.00 1.00 1.00 1.00 1.00 1.00  
1.00 0.99 1.00 0.62 0.15 0.22 0.22 0.14 0.67 0.87 0.10 0.64 1.00 0.99 1.00 1.00 0.88 0.37 0.37 0.36 0.25 0.74 0.91 0.55 0.58 0.93 1.00 0.99 1.00 0.37 0.17 0.22 0.20 0.16 0.39 0.69 0.44 0.50 0.93 1.00 0.97 0.53 0.11 0.50 0.98 0.48 0.40 0.80 1.00 0.98 1.00 0.51 0.15 0.22 0.17 0.37 1.00 1.00 1.00 1.00 1.00 1.00 1.00 1.00  
1.00 0.99 1.00 0.66 0.15 0.22 0.22 0.14 0.67 0.86 0.15 0.36 0.97 1.00 0.99 1.00 0.87 0.28 0.24 0.21 0.19 0.85 1.00 1.00 1.00 1.00 1.00 0.99 1.00 0.61 0.15 0.22 0.24 0.22 0.26 0.35 0.30 0.82 1.00 0.99 0.92 0.64 0.19 0.65 1.00 1.00 1.00 1.00 1.00 0.99 1.00 0.75 0.16 0.22 0.16 0.40 1.00 0.99 1.00 1.00 1.00 1.00 1.00 1.00  
1.00 0.99 1.00 0.72 0.15 0.22 0.22 0.13 0.63 0.88 0.32 0.35 0.73 1.00 0.98 0.99 0.84 0.17 0.20 0.18 0.29 0.96 0.76 0.58 0.18 0.47 0.99 0.98 0.99 0.84 0.19 0.17 0.50 0.38 0.32 0.23 0.09 0.47 0.99 1.00 0.79 0.42 0.44 0.84 0.72 0.32 0.36 0.44 0.96 0.99 1.00 0.94 0.25 0.20 0.16 0.46 1.00 0.99 1.00 1.00 1.00 1.00 1.00 1.00  
1.00 0.99 1.00 0.80 0.17 0.20 0.20 0.22 0.80 1.00 0.40 0.24 0.32 0.98 1.00 1.00 0.95 0.27 0.20 0.16 0.58 1.00 0.33 0.73 0.27 0.27 1.00 1.00 1.00 1.00 0.36 0.22 0.33 0.53 0.78 0.59 0.65 0.93 1.00 0.97 0.38 0.18 0.67 1.00 0.50 0.11 0.18 0.15 0.88 1.00 1.00 1.00 0.47 0.16 0.16 0.55 1.00 0.99 1.00 1.00 1.00 1.00 1.00 1.00  
1.00 0.99 0.99 0.90 0.21 0.24 0.33 0.44 0.72 0.73 0.44 0.17 0.16 0.60 0.84 0.82 0.85 0.52 0.15 0.32 0.76 0.81 0.40 0.38 0.74 0.47 0.82 0.82 0.82 0.83 0.57 0.30 0.57 0.84 0.92 1.00 1.00 1.00 0.80 0.36 0.16 0.22 0.80 0.93 0.61 0.18 0.19 0.38 0.89 0.92 0.91 0.92 0.74 0.21 0.15 0.65 1.00 0.99 1.00 1.00 1.00 1.00 1.00 1.00  
1.00 0.99 1.00 0.93 0.33 0.34 0.29 0.22 0.16 0.16 0.19 0.21 0.21 0.18 0.19 0.19 0.18 0.22 0.20 0.25 0.30 0.16 0.22 0.13 0.69 0.56 0.11 0.19 0.18 0.29 0.38 0.25 0.41 0.26 0.20 0.34 0.39 0.33 0.18 0.17 0.22 0.18 0.46 0.45 0.20 0.22 0.20 0.25 0.25 0.24 0.24 0.24 0.26 0.23 0.16 0.78 1.00 0.99 1.00 1.00 1.00 1.00 1.00 1.00  
1.00 1.00 0.77 0.58 0.38 0.19 0.19 0.20 0.21 0.22 0.21 0.20 0.20 0.21 0.21 0.21 0.21 0.20 0.20 0.21 0.23 0.21 0.21 0.19 0.22 0.84 0.33 0.20 0.35 0.37 0.24 0.20 0.17 0.19 0.20 0.17 0.16 0.18 0.21 0.21 0.21 0.18 0.29 0.51 0.15 0.21 0.20 0.20 0.19 0.20 0.20 0.20 0.19 0.20 0.22 0.90 1.00 1.00 1.00 1.00 1.00 1.00 1.00 1.00  
0.91 0.61 0.62 0.95 0.58 0.14 0.22 0.20 0.20 0.20 0.20 0.20 0.20 0.20 0.20 0.20 0.20 0.20 0.20 0.20 0.20 0.20 0.20 0.22 0.15 0.44 0.65 0.28 0.36 0.21 0.20 0.21 0.21 0.21 0.20 0.21 0.21 0.21 0.20 0.20 0.20 0.20 0.21 0.53 0.21 0.21 0.33 0.20 0.21 0.18 0.19 0.21 0.21 0.18 0.33 0.99 1.00 1.00 1.00 1.00 1.00 1.00 1.00 1.00  
0.67 0.81 1.00 1.00 0.77 0.16 0.21 0.20 0.20 0.20 0.20 0.20 0.20 0.20 0.20 0.20 0.20 0.20 0.20 0.20 0.20 0.20 0.20 0.20 0.20 0.25 0.42 0.46 0.16 0.21 0.21 0.20 0.20 0.20 0.20 0.20 0.20 0.20 0.20 0.20 0.20 0.21 0.18 0.53 0.26 0.18 0.27 0.25 0.17 0.46 0.33 0.18 0.22 0.15 0.51 1.00 0.99 1.00 1.00 1.00 1.00 1.00 1.00 1.00  
1.00 1.00 0.99 1.00 0.95 0.26 0.19 0.21 0.20 0.20 0.20 0.20 0.20 0.20 0.20 0.20 0.20 0.20 0.20 0.20 0.21 0.21 0.20 0.20 0.31 0.37 0.33 0.96 0.54 0.14 0.21 0.20 0.20 0.20 0.20 0.20 0.20 0.20 0.20 0.20 0.20 0.18 0.25 0.62 0.30 0.16 0.32 0.31 0.16 0.42 0.28 0.18 0.22 0.16 0.74 1.00 0.99 1.00 1.00 1.00 1.00 1.00 1.00 1.00  
1.00 0.99 1.00 0.99 1.00 0.45 0.16 0.22 0.20 0.20 0.20 0.20 0.20 0.20 0.20 0.20 0.20 0.20 0.20 0.20 0.19 0.20 0.21 0.34 0.37 0.25 0.14 0.53 1.00 0.57 0.16 0.21 0.20 0.20 0.20 0.20 0.20 0.20 0.20 0.20 0.24 0.26 0.15 0.40 0.37 0.17 0.20 0.19 0.21 0.15 0.29 0.23 0.19 0.25 0.94 1.00 1.00 1.00 1.00 1.00 1.00 1.00 1.00 1.00  
1.00 1.00 1.00 0.99 1.00 0.73 0.16 0.22 0.20 0.20 0.20 0.20 0.20 0.19 0.20 0.20 0.20 0.20 0.20 0.25 0.37 0.20 0.36 0.35 0.22 0.20 0.21 0.16 0.72 1.00 0.56 0.16 0.22 0.20 0.20 0.20 0.20 0.20 0.20 0.19 0.26 0.27 0.24 0.56 0.36 0.17 0.22 0.20 0.23 0.32 0.34 0.25 0.15 0.47 1.00 0.99 1.00 1.00 1.00 1.00 1.00 1.00 1.00 1.00  
1.00 1.00 1.00 1.00 1.00 0.96 0.28 0.18 0.21 0.20 0.20 0.20 0.22 0.26 0.20 0.20 0.20 0.21 0.20 0.20 0.28 0.37 0.33 0.20 0.20 0.21 0.21 0.20 0.20 0.73 0.62 0.16 0.21 0.20 0.20 0.20 0.20 0.20 0.20 0.20 0.20 0.20 0.18 0.44 0.38 0.16 0.21 0.20 0.21 0.24 0.18 0.21 0.16 0.77 1.00 0.99 1.00 1.00 1.00 1.00 1.00 1.00 1.00 1.00  
1.00 1.00 1.00 1.00 0.99 1.00 0.57 0.15 0.22 0.21 0.34 0.20 0.22 0.37 0.20 0.21 0.20 0.19 0.19 0.25 0.37 0.31 0.20 0.20 0.21 0.20 0.20 0.21 0.20 0.17 0.18 0.20 0.20 0.20 0.20 0.20 0.20 0.20 0.20 0.20 0.20 0.20 0.16 0.46 0.35 0.17 0.22 0.22 0.20 0.20 0.22 0.18 0.33 0.98 1.00 1.00 1.00 1.00 1.00 1.00 1.00 1.00 1.00 1.00  
1.00 1.00 1.00 1.00 1.00 1.00 0.90 0.22 0.20 0.21 0.22 0.19 0.25 0.22 0.18 0.21 0.20 0.31 0.27 0.38 0.29 0.18 0.19 0.21 0.20 0.20 0.20 0.20 0.21 0.21 0.21 0.20 0.20 0.20 0.20 0.20 0.19 0.21 0.21 0.19 0.27 0.31 0.15 0.58 0.26 0.17 0.29 0.26 0.17 0.20 0.22 0.15 0.67 1.00 0.99 1.00 1.00 1.00 1.00 1.00 1.00 1.00 1.00 1.00  
1.00 1.00 1.00 1.00 1.00 0.99 1.00 0.54 0.15 0.22 0.20 0.20 0.25 0.33 0.27 0.19 0.19 0.32 0.38 0.27 0.18 0.26 0.26 0.19 0.21 0.20 0.20 0.20 0.20 0.20 0.20 0.20 0.21 0.24 0.20 0.24 0.25 0.19 0.18 0.18 0.20 0.14 0.40 0.57 0.16 0.21 0.24 0.50 0.31 0.25 0.17 0.30 0.97 1.00 1.00 1.00 1.00 1.00 1.00 1.00 1.00 1.00 1.00 1.00  
1.00 1.00 1.00 1.00 1.00 1.00 1.00 0.92 0.24 0.20 0.21 0.21 0.18 0.27 0.30 0.17 0.29 0.37 0.25 0.20 0.18 0.31 0.31 0.18 0.21 0.20 0.20 0.20 0.20 0.20 0.20 0.20 0.22 0.33 0.19 0.22 0.31 0.35 0.33 0.30 0.30 0.46 0.64 0.23 0.19 0.20 0.23 0.41 0.27 0.25 0.14 0.71 1.00 0.99 1.00 1.00 1.00 1.00 1.00 1.00 1.00 1.00 1.00 1.00  
1.00 1.00 1.00 1.00 1.00 1.00 0.99 1.00 0.64 0.14 0.22 0.20 0.21 0.20 0.17 0.28 0.37 0.24 0.19 0.21 0.21 0.18 0.18 0.21 0.20 0.20 0.20 0.20 0.21 0.20 0.20 0.20 0.20 0.19 0.20 0.20 0.19 0.22 0.30 0.37 0.43 0.41 0.20 0.19 0.21 0.20 0.20 0.18 0.20 0.16 0.38 1.00 0.99 1.00 1.00 1.00 1.00 1.00 1.00 1.00 1.00 1.00 1.00 1.00  
1.00 1.00 1.00 1.00 1.00 1.00 1.00 0.99 0.98 0.36 0.16 0.22 0.21 0.19 0.28 0.37 0.24 0.19 0.23 0.34 0.19 0.22 0.25 0.20 0.20 0.20 0.20 0.24 0.33 0.19 0.21 0.20 0.20 0.21 0.20 0.20 0.21 0.20 0.18 0.17 0.16 0.16 0.20 0.21 0.20 0.20 0.20 0.21 0.20 0.20 0.85 1.00 0.99 1.00 1.00 1.00 1.00 1.00 1.00 1.00 1.00 1.00 1.00 1.00  
1.00 1.00 1.00 1.00 1.00 1.00 1.00 0.99 1.00 0.86 0.20 0.20 0.19 0.27 0.36 0.23 0.19 0.21 0.20 0.21 0.20 0.22 0.32 0.19 0.20 0.20 0.20 0.20 0.20 0.20 0.20 0.20 0.20 0.20 0.20 0.20 0.20 0.20 0.21 0.21 0.21 0.21 0.21 0.20 0.20 0.20 0.20 0.22 0.14 0.64 1.00 0.99 1.00 1.00 1.00 1.00 1.00 1.00 1.00 1.00 1.00 1.00 1.00 1.00  
1.00 1.00 1.00 1.00 1.00 1.00 1.00 1.00 0.99 1.00 0.69 0.15 0.27 0.35 0.22 0.20 0.21 0.20 0.21 0.19 0.19 0.20 0.19 0.20 0.20 0.20 0.20 0.20 0.20 0.20 0.20 0.20 0.20 0.20 0.20 0.20 0.20 0.20 0.20 0.20 0.20 0.20 0.20 0.20 0.20 0.20 0.22 0.15 0.44 1.00 0.99 1.00 1.00 1.00 1.00 1.00 1.00 1.00 1.00 1.00 1.00 1.00 1.00 1.00  
1.00 1.00 1.00 1.00 1.00 1.00 1.00 1.00 1.00 0.98 1.00 0.54 0.25 0.25 0.19 0.21 0.20 0.21 0.19 0.29 0.32 0.19 0.21 0.20 0.20 0.20 0.20 0.20 0.20 0.20 0.20 0.20 0.20 0.20 0.20 0.20 0.20 0.20 0.20 0.21 0.19 0.27 0.30 0.18 0.20 0.22 0.16 0.33 0.95 1.00 1.00 1.00 1.00 1.00 1.00 1.00 1.00 1.00 1.00 1.00 1.00 1.00 1.00 1.00  
1.00 1.00 1.00 1.00 1.00 1.00 1.00 1.00 0.99 1.00 0.89 0.60 0.46 0.14 0.22 0.20 0.20 0.21 0.17 0.40 0.48 0.17 0.21 0.20 0.20 0.20 0.20 0.20 0.20 0.20 0.20 0.20 0.20 0.20 0.20 0.20 0.20 0.20 0.20 0.20 0.20 0.22 0.22 0.20 0.22 0.16 0.28 0.91 1.00 0.99 1.00 1.00 1.00 1.00 1.00 1.00 1.00 1.00 1.00 1.00 1.00 1.00 1.00 1.00  
1.00 1.00 1.00 1.00 1.00 1.00 1.00 1.00 1.00 0.93 0.53 0.87 1.00 0.47 0.14 0.22 0.21 0.20 0.20 0.20 0.20 0.20 0.20 0.20 0.20 0.20 0.20 0.20 0.20 0.20 0.20 0.20 0.20 0.20 0.20 0.20 0.20 0.20 0.20 0.20 0.20 0.20 0.20 0.22 0.16 0.29 0.89 1.00 0.99 1.00 1.00 1.00 1.00 1.00 1.00 1.00 1.00 1.00 1.00 1.00 1.00 1.00 1.00 1.00  
1.00 1.00 1.00 1.00 1.00 1.00 1.00 1.00 0.96 0.55 0.85 1.00 0.99 1.00 0.53 0.15 0.20 0.22 0.20 0.20 0.20 0.20 0.20 0.20 0.20 0.20 0.20 0.20 0.20 0.20 0.20 0.20 0.20 0.20 0.20 0.20 0.20 0.20 0.20 0.20 0.20 0.21 0.22 0.15 0.34 0.91 1.00 0.99 1.00 1.00 1.00 1.00 1.00 1.00 1.00 1.00 1.00 1.00 1.00 1.00 1.00 1.00 1.00 1.00  
1.00 1.00 1.00 1.00 1.00 1.00 1.00 0.97 0.57 0.82 1.00 0.99 1.00 0.99 1.00 0.66 0.20 0.16 0.22 0.21 0.20 0.20 0.20 0.20 0.20 0.20 0.20 0.20 0.20 0.20 0.20 0.20 0.20 0.20 0.20 0.20 0.20 0.20 0.20 0.20 0.22 0.19 0.15 0.47 0.96 1.00 0.99 1.00 1.00 1.00 1.00 1.00 1.00 1.00 1.00 1.00 1.00 1.00 1.00 1.00 1.00 1.00 1.00 1.00  
1.00 1.00 1.00 1.00 1.00 0.99 1.00 0.67 0.75 1.00 0.99 1.00 1.00 1.00 0.99 1.00 0.84 0.35 0.15 0.19 0.22 0.21 0.20 0.20 0.20 0.20 0.20 0.20 0.20 0.20 0.20 0.20 0.20 0.20 0.20 0.20 0.20 0.21 0.22 0.20 0.15 0.24 0.68 1.00 1.00 0.99 1.00 1.00 1.00 1.00 1.00 1.00 1.00 1.00 1.00 1.00 1.00 1.00 1.00 1.00 1.00 1.00 1.00 1.00  
1.00 1.00 1.00 1.00 1.00 1.00 1.00 0.90 1.00 1.00 1.00 1.00 1.00 1.00 1.00 0.99 1.00 0.99 0.64 0.27 0.15 0.18 0.21 0.22 0.21 0.21 0.20 0.20 0.20 0.20 0.20 0.20 0.20 0.20 0.21 0.22 0.22 0.19 0.15 0.20 0.50 0.91 1.00 0.99 1.00 1.00 1.00 1.00 1.00 1.00 1.00 1.00 1.00 1.00 1.00 1.00 1.00 1.00 1.00 1.00 1.00 1.00 1.00 1.00  
1.00 1.00 1.00 1.00 1.00 1.00 1.00 1.00 1.00 1.00 1.00 1.00 1.00 1.00 1.00 1.00 0.99 1.00 1.00 0.94 0.62 0.31 0.16 0.15 0.17 0.20 0.21 0.21 0.21 0.21 0.21 0.21 0.21 0.20 0.18 0.15 0.15 0.24 0.50 0.85 1.00 1.00 0.99 1.00 1.00 1.00 1.00 1.00 1.00 1.00 1.00 1.00 1.00 1.00 1.00 1.00 1.00 1.00 1.00 1.00 1.00 1.00 1.00 1.00  
1.00 1.00 1.00 1.00 1.00 1.00 1.00 1.00 1.00 1.00 1.00 1.00 1.00 1.00 1.00 1.00 1.00 1.00 0.99 1.00 1.00 0.98 0.78 0.53 0.35 0.24 0.18 0.16 0.16 0.16 0.16 0.16 0.18 0.22 0.30 0.46 0.69 0.93 1.00 1.00 0.99 1.00 1.00 1.00 1.00 1.00 1.00 1.00 1.00 1.00 1.00 1.00 1.00 1.00 1.00 1.00 1.00 1.00 1.00 1.00 1.00 1.00 1.00 1.00  
1.00 1.00 1.00 1.00 1.00 1.00 1.00 1.00 1.00 1.00 1.00 1.00 1.00 1.00 1.00 1.00 1.00 1.00 1.00 1.00 0.99 1.00 1.00 1.00 1.00 0.89 0.78 0.68 0.62 0.59 0.60 0.65 0.74 0.85 0.97 1.00 1.00 1.00 0.99 0.99 1.00 1.00 1.00 1.00 1.00 1.00 1.00 1.00 1.00 1.00 1.00 1.00 1.00 1.00 1.00 1.00 1.00 1.00 1.00 1.00 1.00 1.00 1.00 1.00  
