1.008029 1.011748 1.026211 0.997988 1.027304 1.029020 1.002098 1.005531 1.008861 1.010604 0.994554 0.985632 0.978635 1.002878 0.983317 0.985476 1.019942 1.014480 0.979571 0.997389 1.001786 0.984773 0.987843 0.998378 0.983707 0.981522 1.008367 0.995230 1.005115 0.993253 1.011826 1.032610 1.031544 0.996011 1.001681 1.019006 1.009771 0.995282 0.987479 1.008757 1.018772 1.013517 1.023038 1.019864 1.032844 1.019188 0.972912 0.988623 0.976632 0.988129 1.007248 0.998560 1.012659 0.981834 0.975045 1.010291 1.007196 1.009823 1.015390 1.002930 1.000329 1.001317 1.012477 1.016066
1.005427 1.009277 1.035940 1.012529 1.030087 1.011852 0.993149 1.003502 1.004491 1.013101 1.017601 0.994554 0.970779 0.980716 1.000693 1.001109 1.005323 1.013101 0.976267 0.988207 0.984617 1.015598 1.005479 0.990626 0.999731 0.999653 1.004491 1.006702 1.004699 1.003372 1.000615 1.001968 1.011904 0.982562 0.997363 1.024026 1.006494 0.991042 0.985424 1.006182 0.998560 1.015962 1.022335 1.007976 1.008523 1.004803 0.985086 0.966461 0.986646 0.994372 1.017237 1.010968 1.003866 0.995256 1.003658 0.996453 1.007846 0.991198 1.013855 1.001161 1.015338 0.992343 1.009017 1.031570
1.013803 0.993696 1.019370 0.998092 1.004283 0.983941 1.002748 0.991563 0.979779 0.988623 0.981704 0.975279 0.985788 0.979415 0.990990 1.007222 0.980195 0.997337 1.004101 0.985138 0.983473 0.993878 1.012711 0.994996 1.009745 1.004101 0.993175 1.001916 0.986568 1.005427 1.004829 1.000771 1.011618 0.994684 0.988051 0.998482 0.990522 0.989092 0.978661 0.996713 0.992005 1.008341 1.027356 1.023324 0.994528 0.987947 0.983421 0.973380 0.963625 0.985294 0.994216 0.980169 0.998976 0.997077 0.999158 1.009745 1.002410 0.991953 0.999132 1.003372 1.015052 0.999783 1.003008 1.028162
1.001603 0.988311 1.003372 1.011696 1.005427 0.991615 1.012398 0.986074 0.976788 0.970181 0.993045 0.973224 0.967605 0.995439 1.008731 1.016196 1.002280 1.016613 0.991511 0.994710 0.992993 0.994138 0.987167 0.998456 0.987115 0.988389 0.987817 0.985216 0.991875 1.035289 1.034327 0.985320 0.974863 0.968360 0.991172 0.984669 0.985398 0.990002 1.002280 0.991459 1.025535 0.992863 1.005141 1.012216 0.991537 0.990964 0.999731 0.986074 0.998040 0.999340 0.986984 0.989039 1.005765 0.986698 0.998742 1.006026 0.999054 0.987895 1.014766 1.034067 1.025587 0.999054 0.991068 1.004257
0.986178 0.970207 0.993514 0.995230 1.012763 0.999262 1.009511 1.020723 1.001473 0.996765 0.977568 0.979051 0.999757 0.994554 1.008106 0.985892 0.994710 0.984071 0.997545 0.991329 0.994216 1.002826 0.989430 0.989950 0.986100 0.970493 0.989898 0.993982 0.982692 1.001707 1.025197 0.998820 0.984175 1.002618 1.004413 0.999626 0.995048 0.987999 0.984019 0.991745 1.007248 0.993279 0.996427 1.005323 0.998274 1.007560 1.007352 1.007950 1.006546 1.003086 0.988207 0.985476 0.984956 0.987531 0.996245 0.985138 1.001837 0.996011 0.997702 1.018095 1.010942 0.991251 1.004231 1.000823
0.974863 0.986880 1.001161 1.002878 1.009537 1.009979 1.021087 1.023272 1.026523 0.994528 0.984773 1.010005 1.026523 1.000043 0.992603 0.979051 0.988753 0.981392 1.005557 1.000043 0.999210 0.992057 1.000719 1.000615 1.013231 0.980065 0.991771 0.989092 0.988961 1.002332 1.014688 1.000355 1.004465 0.993462 1.011930 1.002592 0.990600 0.974759 0.977256 0.987271 1.011670 1.005999 0.984930 0.999574 1.000277 1.020098 1.017445 1.001577 1.013127 1.001239 0.985788 0.993331 1.003060 0.980299 0.999392 1.003320 1.004517 0.984045 0.984253 1.010265 1.017419 0.999236 0.985736 0.979779
0.979987 0.970623 1.003086 1.008341 1.012607 1.008289 1.015026 1.018355 1.018251 1.013283 1.008054 1.012138 1.026471 1.000823 0.997363 0.984904 1.004231 0.995439 0.997285 0.987557 1.008445 0.983785 0.974238 1.012685 1.023142 1.009147 1.008783 1.004725 0.999184 1.014167 0.984539 0.986542 0.990626 1.010448 1.018199 1.016873 0.994944 0.997493 0.997233 0.990678 0.998482 1.010396 1.018511 1.001291 0.998196 0.998716 1.011150 0.991303 0.985320 1.004777 0.985528 0.991433 1.010396 0.978817 0.992863 0.991042 0.990626 1.005609 1.005531 0.983915 0.998040 0.984331 0.972366 0.971663
0.988753 0.986959 0.996583 1.001265 1.013075 1.003606 1.008835 1.021581 1.016717 1.014740 1.003320 0.995647 0.995465 0.998716 1.002566 1.003060 0.986906 0.986854 1.000849 0.999366 1.004569 0.985528 0.993566 1.009745 1.018251 1.016326 1.005999 1.001265 0.995933 1.001629 0.993800 1.004049 1.006598 1.012008 0.988025 0.995308 1.000927 0.988363 0.994970 0.992265 1.001447 1.013491 1.016352 1.017523 1.007976 1.002098 1.003086 1.009355 1.000095 0.978400 0.980533 0.985918 1.000121 1.018121 0.994996 0.981600 0.994580 1.017367 1.012633 0.993904 1.013257 0.996531 0.995777 0.985060
0.992889 0.998144 1.020384 0.998612 1.002202 1.004985 1.000381 1.030685 1.036252 1.019630 1.008471 0.989039 0.991120 1.006104 0.999861 0.994970 0.995282 0.989274 0.994164 0.995959 1.008835 0.991355 1.007144 1.010031 1.008991 1.013725 0.997754 1.008627 1.001629 0.995881 1.002670 1.013647 1.012945 0.977308 0.997337 1.005505 0.996791 0.980533 0.982875 0.994268 0.999731 0.990314 0.990184 1.005323 0.998924 0.998482 0.999392 1.036070 1.040960 0.985320 0.995777 0.999288 0.990600 1.003008 1.002514 0.981808 1.013673 1.021763 0.995933 0.979779 1.010396 0.999626 1.016873 0.988805
1.017055 0.994060 0.992681 0.990626 0.993227 1.004543 1.023532 1.025041 1.018720 1.005843 1.000303 1.003606 0.998638 1.008757 0.998040 1.005609 1.001681 1.010578 0.999366 1.020488 1.035393 1.008211 1.007404 0.990600 1.014011 0.998014 1.006520 0.989820 0.996947 0.980872 1.000771 1.007690 1.005219 0.999054 1.013283 0.993852 0.985450 0.980221 0.997025 0.979987 0.986074 0.996895 0.993123 1.011436 1.002176 0.986178 0.998274 1.022439 1.003502 0.994788 1.015000 1.003164 0.986334 0.996635 0.985528 0.994528 0.984956 0.999210 0.989326 0.979961 0.998508 0.990834 1.009511 1.005193
1.002592 0.993644 0.984305 0.978400 0.997598 0.994320 1.000927 0.996037 0.997337 1.001707 0.996635 1.012529 1.015026 1.012581 1.005999 0.999574 0.998482 1.003710 1.004751 1.011280 1.005947 1.000225 0.981340 1.003710 1.020098 1.000173 0.986854 0.992655 1.001421 0.981236 0.999470 0.991589 0.990002 1.007378 0.996115 0.971767 0.974290 0.979103 0.988727 0.965837 0.980351 0.996063 0.998976 0.995152 0.982354 0.984097 1.009719 1.040180 1.011280 1.013439 1.009901 1.020254 1.012242 0.989508 1.000927 0.999392 0.987193 0.975461 0.983681 0.983031 0.999236 0.995256 1.012633 1.004127
0.993826 1.000069 0.999496 0.979207 0.985346 0.987271 0.990626 0.997207 0.996947 0.988675 0.991823 0.989794 0.989456 1.001681 1.003060 1.002800 0.997181 0.998950 0.998924 0.981912 0.993175 0.996505 0.980612 0.982614 1.013439 1.009251 0.995569 0.964484 0.987739 1.005479 0.999887 1.007924 1.011280 1.006520 0.981964 0.977568 0.973484 0.984331 0.984799 0.988259 0.974681 0.985814 0.985970 0.987245 0.979597 0.978296 0.999028 1.017809 1.017315 1.025665 0.999210 1.023376 1.002904 0.978114 1.016925 1.001083 0.987661 0.973224 0.964068 0.968620 0.990262 1.009355 1.001655 0.984825
1.013361 1.037891 1.020540 1.006702 1.007716 0.996375 0.987999 1.006364 1.012633 0.998508 1.007768 1.005453 0.983941 1.016040 0.997285 0.998846 1.003580 1.008341 1.003372 0.995465 1.018693 1.002878 0.988025 0.979961 0.999210 1.022309 0.997702 0.993045 0.993306 0.990288 0.981704 0.994424 1.009511 0.989404 0.986828 0.964354 0.985398 0.993097 0.983109 0.976345 0.983837 0.999106 0.984331 0.991172 0.993696 1.001161 0.996427 1.008263 1.018850 1.006468 0.998846 1.021217 0.997780 0.991849 0.998612 1.007066 1.003060 0.990054 1.003606 1.001135 1.002930 1.010292 1.001655 1.001890
1.007092 1.005505 1.007300 1.009277 0.993201 0.993670 0.993956 0.999236 1.029853 1.021269 1.017159 1.024650 1.010005 1.010448 1.001890 1.005817 0.994424 1.013907 1.010188 1.014531 1.001447 0.993852 0.968984 0.986802 0.981730 0.976371 0.981002 1.009433 0.986048 0.962559 0.988883 0.987661 1.008575 1.010630 0.992655 0.997754 0.996167 0.985424 0.988233 0.980273 0.994502 1.001551 0.995777 0.976241 0.975721 0.973588 0.974863 0.984695 1.003866 1.005323 0.992681 1.005141 0.986048 1.022751 1.009381 1.001942 1.004413 1.017679 1.006910 1.003320 1.014375 1.014688 1.011280 1.006078
0.994320 0.993227 0.992915 1.008211 1.004127 0.989456 0.987739 0.983863 1.001057 1.018147 1.014011 1.014219 1.006052 0.982718 0.988571 1.011176 0.998092 1.023272 1.025015 1.010708 0.993930 0.977958 0.971845 0.972756 0.970935 0.974525 0.983291 0.981548 0.984487 0.967085 0.972392 0.995308 0.988779 0.997936 1.001968 1.004231 1.010734 1.016404 1.000823 1.003190 1.007872 0.996193 0.998924 0.974290 0.971143 1.000615 0.989508 0.996999 1.001057 0.990522 0.997545 0.999054 1.001707 1.030321 1.005557 1.005193 1.002046 1.008809 1.022933 1.008029 0.996115 1.018798 0.998170 1.000381
0.994502 0.996037 0.994684 0.999184 1.002150 0.992499 0.988675 0.989846 0.990756 0.994476 1.000979 1.013491 0.994320 0.985970 0.999262 1.014610 1.013907 1.028058 1.029281 1.012372 0.993644 0.975669 0.974082 0.986230 0.972314 0.981444 0.989664 0.986386 0.982771 0.994944 0.995126 0.985632 0.994606 0.989170 1.006338 1.005609 0.995360 1.004231 0.998456 1.000641 1.016769 0.996401 0.988077 0.991433 0.974681 1.019552 1.015000 0.990106 0.968646 0.989222 0.999496 0.999600 1.001837 0.996453 0.984383 0.994372 0.994918 0.988675 0.989924 0.985658 1.008419 1.000615 0.984825 0.984487
1.014636 1.004803 0.978583 0.997181 0.996557 1.005167 0.989378 0.989768 0.987271 0.981548 1.009355 1.009199 0.994528 0.987479 1.005349 1.001733 1.008783 1.010500 1.019604 1.002332 0.988857 0.984878 1.008445 0.990600 0.981366 0.989065 0.991823 0.991146 1.002254 0.994112 1.003268 1.002410 0.992265 0.997650 1.010135 1.022699 1.016040 0.998326 1.001707 0.990210 0.998378 1.002202 0.980507 0.983577 0.974733 1.009953 0.993930 0.975903 0.985086 0.999626 0.995517 1.006702 0.992811 1.001187 1.009719 0.999835 0.994502 0.984721 0.959750 0.988857 0.998092 1.003996 1.001473 0.999522
1.019812 1.019812 0.998352 1.003086 1.001265 0.995829 1.003112 1.007456 0.999653 1.002020 1.008523 1.000511 0.998924 0.992707 0.990184 1.008106 0.999392 1.009615 1.022959 1.014271 0.996037 0.990236 1.019812 1.010942 0.999340 1.003398 0.984800 0.990314 0.993774 1.008159 1.000095 1.017159 0.998092 0.994970 1.009589 1.008887 1.009381 0.997936 1.008939 1.002488 1.018043 1.003788 0.996427 0.994294 0.998196 0.997676 0.979519 0.979441 0.985424 1.027876 1.007248 1.013517 0.997780 1.000823 1.013049 0.986672 0.995673 1.001681 0.968230 0.987167 0.997962 0.981522 1.011202 1.024156
1.007378 1.012294 0.991303 0.996245 0.990938 1.015312 0.995803 0.983941 1.002956 1.007248 1.011696 1.015000 1.002748 0.979545 0.989196 0.988337 1.002670 1.017003 1.021581 1.018746 1.014714 1.028708 0.999600 1.002618 0.993826 0.982953 0.972912 0.995048 0.963573 0.990366 1.021945 1.007794 0.993982 1.012190 1.006806 1.013777 1.016977 1.020280 0.995230 1.013699 1.015390 1.018303 1.010942 0.994788 1.015520 1.006234 0.994944 0.994684 0.965160 1.002826 1.015650 1.001369 1.009797 1.014480 1.012477 0.985632 0.998378 0.993149 0.995673 0.994424 0.994762 0.991615 1.013881 1.007768
0.992681 0.981496 0.981730 0.978869 0.991329 1.000953 0.989065 0.990626 1.009511 1.000173 1.001005 0.998144 0.996843 0.981470 0.989508 0.985814 0.999574 0.991433 1.005843 0.997858 1.007820 1.037162 1.023584 1.007924 1.014974 0.984149 1.005141 1.004855 0.986152 0.993800 1.012242 0.995985 0.983265 1.007404 1.010708 1.019552 1.013101 1.023116 1.002540 1.011774 0.999809 1.009719 1.032402 1.012685 1.022257 0.989586 0.978921 0.985996 0.995647 0.987869 0.998716 0.983941 0.984409 0.991849 0.993930 0.991719 1.024546 0.980690 0.983915 0.992551 1.000797 0.988987 1.002254 1.000329
0.998976 0.983837 0.983187 1.001213 0.997728 0.977412 1.012529 1.001447 1.005063 0.995491 0.996791 1.011800 1.013179 0.995230 0.981080 0.991068 1.009199 1.015494 0.990496 1.006962 1.011254 1.024780 1.030893 1.002488 0.996765 0.994034 0.992967 1.018563 1.003684 1.008132 1.011540 0.997233 0.960322 0.995256 1.016248 1.022205 1.030139 1.018511 1.014480 1.012398 1.002696 1.028864 1.015260 1.033260 1.008913 0.976866 0.970649 1.004933 0.994970 0.976918 0.976996 0.985086 0.995282 0.991537 0.981106 0.979961 0.985606 0.988051 0.986854 0.991303 0.997129 0.977386 1.009043 1.006676
0.999653 1.001395 0.998846 1.017081 1.002124 0.979935 0.994710 0.988233 1.001916 0.995985 0.990184 0.994502 1.003476 0.996115 0.993488 1.006468 1.002280 0.991094 0.981860 0.981704 1.000407 1.016977 1.023272 0.999522 1.003840 0.990392 1.001083 0.996427 0.990548 0.994996 0.998170 0.990834 0.984305 0.995725 1.022127 1.008757 1.008315 1.001317 1.016925 1.014323 1.015520 1.019058 1.009069 1.013647 1.003866 0.987635 0.987557 1.003086 1.006780 0.989170 0.989664 0.986776 1.019968 1.012164 1.007170 0.985892 0.995074 1.012815 0.993358 1.001447 1.009693 0.986360 1.011878 0.999418
0.999314 0.997103 0.995074 0.983291 0.987193 0.985424 0.992759 0.975721 1.003919 1.004959 0.990964 0.987505 0.987037 0.990158 0.998404 0.999731 1.016743 0.994346 0.998976 0.985242 1.001786 1.022257 1.016951 0.998976 0.996895 0.999028 0.981912 0.993800 0.993436 1.002332 0.995933 1.002982 1.004101 1.016196 1.013465 1.016508 1.005323 0.995282 0.988987 0.994424 1.001005 1.026419 1.003684 1.000641 0.997780 0.991719 1.003450 0.999705 0.992343 0.988155 0.990990 0.989118 1.025275 1.005999 0.992031 0.988155 1.000355 1.009459 1.004049 1.007170 0.997025 0.999861 0.991303 0.987947
1.000225 0.993201 0.981808 0.978713 1.000433 1.001447 1.012034 0.980117 0.986282 1.002670 1.013699 0.990288 0.983525 1.008679 1.015208 0.997233 1.023948 1.013205 1.007768 1.006416 1.002046 1.002930 1.012425 0.999600 1.011176 0.996453 1.010448 1.009303 1.003840 1.007456 1.021841 1.002982 0.994918 1.018720 1.007378 1.027746 1.000511 0.992681 0.990704 1.010812 1.007950 1.021165 0.983733 0.982692 0.988155 0.985112 0.983733 0.993410 0.986802 0.987297 0.998898 1.013595 1.012138 0.994294 0.990418 0.982614 1.004491 1.018746 1.001369 0.998742 1.011644 1.009927 1.008289 0.987453
1.006338 0.998872 0.975357 0.973276 0.978244 0.988675 1.003788 0.987323 0.994866 1.006988 0.996219 1.009745 0.989039 0.995699 0.986100 0.988753 0.998430 0.982640 1.019032 1.024520 1.006962 0.998846 1.007378 0.992421 1.005089 1.015988 1.000641 0.998976 0.989690 1.011020 1.010890 1.003476 1.017601 1.011124 1.006338 1.012581 0.994060 0.998716 1.008367 1.019656 1.013829 1.011020 0.998534 1.011332 0.988805 0.972834 0.992161 0.988805 0.974030 0.985398 1.002410 1.019318 1.013829 0.992681 0.977360 0.992239 0.998118 0.994554 1.012034 1.003450 1.010188 1.011514 1.008523 0.993384
1.016066 0.985450 0.987297 0.971949 0.989898 0.986464 0.990912 0.981626 0.993774 0.983057 0.979285 0.992473 1.003372 0.987011 0.976319 0.997441 1.001994 0.979025 0.993748 1.002410 0.989846 0.997572 1.016274 1.003476 1.003268 0.990938 0.999887 1.024572 0.997936 0.997936 1.017627 0.986438 1.008679 1.011332 1.012112 1.006832 1.014193 1.005167 1.016743 1.018798 1.009953 1.006078 1.017523 1.007872 0.992187 0.984851 1.013673 1.002514 0.974473 0.998508 1.005661 1.004309 0.966695 0.981314 0.980612 0.972522 1.011852 0.992447 0.982614 1.004647 0.992057 0.998300 1.002930 1.018251
1.013049 1.000173 0.993097 0.995621 1.000511 0.988649 0.977152 0.978973 0.993826 0.970701 0.983213 0.982823 0.999054 0.998716 0.980247 0.994008 1.002462 1.002280 0.986308 0.996089 0.991485 1.006676 1.001291 0.989950 0.998014 0.997702 1.013257 1.013751 0.991381 0.997754 1.004595 0.986828 0.987869 1.006858 1.009225 1.012477 0.997806 1.030321 1.016951 1.010370 0.996479 1.005531 1.002618 1.002566 1.005635 0.978661 0.985762 0.986074 0.967735 0.984019 0.990288 1.006260 0.995308 0.986672 0.970467 1.000745 1.015000 0.999366 0.989430 1.009043 0.998170 0.988623 0.984617 1.003008
0.985450 0.983525 0.987947 0.993436 1.006234 0.995569 0.986724 0.976710 0.994580 1.001421 0.998300 1.014870 1.008185 1.007690 0.992785 0.995725 0.999418 1.007638 0.996531 1.003658 1.006338 1.016847 1.014584 1.003502 1.014610 1.009849 1.000433 1.019760 1.026055 1.017107 1.016613 1.004023 0.988545 0.994892 1.007482 1.030581 1.003840 0.997545 1.013517 1.021243 1.007118 1.016717 1.005375 1.001942 1.013881 1.002124 0.990470 0.979701 0.988493 0.998378 0.991042 0.983837 1.008679 1.014219 1.004543 1.002124 1.002566 0.990236 0.976814 0.984643 0.995230 1.003840 0.996011 0.987999
0.996271 0.978583 0.998716 0.977542 0.987973 0.993566 0.998872 0.997493 0.986126 0.989924 1.000043 1.004231 1.001942 0.996089 1.019136 1.001994 0.990704 0.999262 1.012347 1.000147 1.005869 1.015572 1.001369 1.014531 1.024260 1.017315 1.002254 1.014167 0.994710 1.004517 1.008445 0.995803 1.006286 0.984799 0.976606 0.983577 0.989794 1.007768 1.008731 0.996531 0.989222 0.996193 0.998352 0.996791 1.003814 0.992135 0.978010 0.981444 0.998950 0.997806 1.001863 0.996323 0.988935 0.994814 0.991953 0.990652 0.998482 0.988493 0.990340 0.986828 0.980976 0.998560 1.006806 0.990080
0.979129 1.006884 1.019006 1.000199 0.998118 0.991146 1.010448 0.989144 0.988909 0.989846 1.008497 1.007222 0.988883 0.981938 1.009459 1.008497 1.003008 1.006442 1.009849 0.998014 0.987583 1.005921 1.014792 1.014219 1.014063 1.012268 1.009459 1.027095 1.002020 1.006520 1.014584 1.009875 1.001421 0.994684 0.987323 0.992915 0.975253 0.991485 0.992629 1.016743 1.001395 0.996401 0.991979 0.983421 0.994814 0.976658 0.966123 0.978348 0.986022 1.003893 0.976528 0.993748 0.999184 1.007638 1.001733 0.994788 0.993279 0.982536 1.012555 0.999783 0.996167 0.997936 0.999392 0.984149
1.004543 0.994086 1.011670 0.993149 0.991355 1.005609 0.994424 0.980117 0.980950 0.982224 0.985294 0.992681 0.981054 0.989690 1.004309 0.975695 0.983889 1.013361 1.033963 1.025431 0.990938 1.012398 1.001786 1.012841 1.015286 1.004283 1.016925 1.032402 1.003684 0.997441 1.016222 1.016873 1.001707 1.006104 1.000459 0.995282 0.996661 0.992213 1.007326 1.020306 1.007508 1.008132 0.991407 0.995673 1.000121 0.983967 0.986802 0.981704 1.006442 1.000641 0.999600 0.993878 1.005921 1.034275 0.999314 1.023194 0.984045 1.010057 0.992941 1.000069 0.990262 0.995803 0.989950 0.992499
1.018069 1.014454 1.001499 0.998274 0.989690 0.998768 1.025405 1.005219 0.995074 1.000069 0.992005 1.005661 1.020306 1.003216 0.990418 0.978244 1.008523 1.028396 1.026965 1.014063 1.011280 0.993904 1.002384 0.998222 1.005921 0.999861 1.001707 1.016300 1.008575 1.008419 1.013985 0.985060 1.013309 1.015832 1.015364 0.995725 1.006442 0.989144 0.980195 0.999835 1.024364 1.017705 0.987505 0.995881 0.991537 0.986959 0.985762 1.000979 1.007274 1.016951 0.997676 1.003034 0.994294 1.007950 0.994424 1.011592 1.011124 1.013491 0.992915 0.991745 1.005921 1.005141 1.010604 1.012607
1.017263 1.005609 1.017913 1.006884 0.981834 0.998690 0.987479 0.981054 0.986568 1.008471 0.978843 0.992889 1.015832 1.016352 1.009693 1.002072 1.007170 0.996609 0.989404 0.998092 1.011592 0.985398 0.995751 0.999653 0.981652 1.007014 0.993956 0.986880 1.003138 1.010838 1.013621 0.999835 1.007300 1.034301 1.032714 1.014870 1.009901 1.005297 0.989300 1.015520 1.011358 1.013257 0.996531 0.988831 0.980273 0.996245 1.014896 1.002020 0.992473 1.001395 0.983967 1.011098 0.987583 0.994788 0.982406 0.995855 1.011904 1.008679 0.989794 0.987271 1.005479 1.000901 1.002852 1.016404
1.009875 0.995465 1.009875 1.024468 1.011592 0.999965 1.006364 1.003945 1.005011 1.000459 0.999548 0.987479 0.991120 1.023558 1.004751 1.004049 0.997467 0.992005 1.005635 0.994762 1.012841 1.004179 0.991693 0.991042 0.986959 1.022907 1.008757 0.996609 1.008106 1.020488 1.007378 1.002462 1.008211 1.022231 1.018876 1.013933 1.018850 0.995803 0.988051 0.999939 0.996089 0.993800 0.993930 0.988519 0.990964 0.988909 1.004543 1.010812 1.002436 0.992291 0.981886 0.964640 0.974785 0.998690 1.007378 1.021113 1.031466 1.016821 1.003190 0.986698 0.997598 0.994138 1.001499 1.019240
1.008159 1.001109 0.985216 0.989065 1.008861 0.974525 0.985736 0.984617 1.011644 1.012268 1.015234 1.013439 1.005037 1.041012 1.024312 0.995490 0.998456 0.985268 0.981808 0.983863 1.016404 1.003684 1.006156 1.007118 1.007014 1.016977 1.012945 1.007898 1.010213 1.001629 0.998638 0.992473 0.988181 1.006338 1.009641 1.022257 0.999835 0.977204 0.994450 1.013907 0.993253 0.992343 0.987687 0.990938 0.995282 0.998300 1.007560 0.996323 0.985788 1.003893 1.016274 1.003372 0.995595 0.995751 1.021555 1.023376 1.031960 1.004907 1.011930 1.002280 1.008132 0.994164 0.993384 1.010552
0.987531 0.996687 0.994372 1.000355 1.013387 0.982797 0.989768 0.983941 0.992551 1.016144 1.004205 1.008627 1.009849 1.017575 1.009927 1.004517 1.003866 0.996635 1.016222 0.993279 1.018043 1.002228 0.987557 1.004595 1.001135 0.992733 1.005973 0.996765 0.988597 0.978426 1.006208 1.001890 1.003606 1.011202 1.033494 1.025457 1.003320 0.988259 0.988363 0.993358 0.988077 0.985736 0.998846 0.992161 0.988909 1.005505 1.012190 0.996661 1.019552 1.015858 1.017315 1.013465 0.995334 0.978010 0.990444 0.998092 1.014454 1.021451 1.011436 1.011150 1.009095 1.005817 0.986620 1.009277
0.985606 1.007144 0.994372 1.015078 1.003554 0.996921 1.010604 0.998118 1.010968 0.994918 0.992057 1.000329 0.989482 1.000433 1.011982 0.993904 1.002618 1.011514 0.990912 1.011800 1.011618 0.997650 0.998742 0.985216 0.997702 0.996089 1.003060 0.998820 0.979467 0.982302 0.999236 1.005479 1.023142 1.005037 1.017965 1.006832 1.002358 1.011280 0.986100 0.988051 0.991875 0.971871 0.996713 1.005739 0.979909 0.994606 1.013387 0.996349 0.991120 0.986282 0.993384 0.998404 0.996765 0.985372 0.981600 1.011306 1.023766 1.018615 1.012164 1.024858 1.007872 0.999184 0.990002 0.988415
0.988103 1.010630 0.996609 1.003762 1.008237 1.002566 1.030321 1.014948 1.012789 0.983187 1.000979 1.016066 1.007274 0.991823 0.994658 0.999600 1.011540 0.996375 1.003893 0.991849 0.999366 0.993175 0.984747 0.974447 0.998144 1.000329 0.981626 0.984331 0.979649 0.992395 1.008393 1.003788 1.013101 1.007144 1.007378 0.990002 0.998274 0.994528 0.990366 1.006234 1.016821 1.005505 1.013101 1.019032 1.007118 1.012503 1.005193 0.990262 1.003294 1.009797 0.993956 0.989560 0.991381 0.998326 0.994424 0.992915 1.023480 1.004465 1.001135 1.019136 1.024468 0.984019 1.004387 0.988493
0.996505 0.992525 0.999861 1.021815 1.008159 1.002852 1.003710 1.005349 1.009407 1.003554 1.010708 1.018850 1.010448 1.003112 0.989534 1.019266 1.003164 0.984149 0.989768 0.995256 0.974733 1.010031 0.994008 1.009147 1.001655 0.994502 0.976450 0.974551 0.981262 0.987583 0.995491 0.991797 0.994944 1.009121 0.993279 0.980195 0.970259 0.985034 0.984721 0.988051 0.989013 1.005141 1.008445 1.021971 1.036330 1.024546 1.019994 1.017913 0.991719 0.982953 0.995048 0.988909 1.001265 1.003814 0.995933 0.974889 1.002176 1.002150 0.988181 1.011098 1.025509 1.011748 1.001395 1.000953
0.999132 1.000693 1.007768 1.007820 1.013543 1.010708 1.011410 1.012997 1.024520 1.015000 1.003762 0.999288 0.980664 0.981574 0.995855 1.002800 1.003736 0.973172 0.980351 0.994190 1.009173 1.011228 1.015260 1.011514 1.006364 0.994398 0.965784 0.948902 0.978036 0.986724 1.004153 0.990730 0.989404 0.992551 0.984643 0.986412 1.003476 0.986542 0.972548 0.984669 0.985840 1.007092 0.998508 1.012945 1.035523 1.024598 1.028630 1.003606 1.000147 0.990730 1.001187 1.007794 1.008419 1.012008 1.005791 0.996401 0.993956 1.005687 1.006442 0.996973 0.984747 0.991875 1.004179 1.005765
0.998144 1.003242 1.011098 1.007300 1.013413 1.009615 1.022491 1.021529 1.015130 1.021945 1.007976 1.022777 0.988623 0.983733 0.995907 1.003736 1.005479 0.990314 0.993462 0.984773 0.992473 1.011046 0.999522 1.015624 1.004881 0.996349 0.979285 0.974160 1.000407 0.978166 0.991875 0.995543 1.000511 0.993384 0.986074 0.994892 0.992161 0.983343 0.989039 0.985424 1.008367 0.997780 0.994164 1.012138 1.030919 1.027876 1.033390 0.999210 0.985632 0.992109 1.005999 1.010812 0.996427 0.992915 0.991433 0.996115 0.993253 0.985138 1.001317 0.983239 0.989118 0.993592 0.996973 1.009355
0.987817 0.977932 1.000745 1.004049 0.997415 1.006026 1.024104 1.004803 0.999132 0.998196 1.005453 0.989872 0.975747 0.994450 1.000277 0.996765 1.009277 1.011280 1.006364 0.993227 0.990366 0.992395 0.990496 1.009485 1.007768 0.988259 0.982224 0.997858 0.978713 0.999705 0.991016 0.996843 0.996739 1.008809 0.998378 0.977386 0.996401 0.985658 0.984149 0.987791 0.996427 1.010708 0.995256 1.009719 1.025743 1.020410 1.040024 1.018615 0.993306 1.003164 1.008965 1.004699 0.986152 0.997467 0.991485 0.994528 0.994242 0.999418 1.003190 0.991355 0.988623 0.995881 0.995933 1.008002
0.999757 0.985684 0.995751 1.008132 0.997702 0.997233 0.998482 1.007794 0.986386 0.970805 0.989560 0.982250 0.991693 1.024468 0.981886 1.001629 1.016665 0.998664 0.988389 0.997832 1.001786 0.996323 1.003919 1.013881 0.995204 0.983031 0.984695 1.004465 0.992031 1.022959 1.027876 0.994268 0.991615 1.000485 0.989170 0.994944 0.994736 0.972730 0.986542 0.977438 0.980872 0.976189 0.997910 0.994294 1.024832 1.019786 1.017315 1.007690 0.995126 0.994242 0.984149 0.999835 0.976892 0.974186 1.005947 0.996115 0.998222 1.002020 0.995439 1.001994 0.993384 1.005973 0.999835 1.010682
0.985840 1.001083 1.005583 1.024312 1.000043 0.996271 0.984591 1.005219 1.006884 0.985320 0.986802 0.990886 0.996063 1.008991 1.007378 0.996037 1.005453 1.001707 1.001473 0.984904 1.004023 1.011410 0.996973 1.007612 0.997858 0.990652 1.004309 1.012607 1.008731 1.019448 1.037188 1.010396 0.989378 1.016482 0.995855 0.987167 0.992031 0.983967 0.999783 0.983187 0.956524 0.978609 0.983057 1.003632 1.024286 1.006156 0.998690 0.998820 0.985034 0.991407 0.996817 0.995334 0.977828 0.978557 0.993045 0.992031 1.018824 1.003762 0.994970 0.988857 0.968828 0.999054 0.994632 1.002228
0.999158 0.982406 1.000771 1.019578 1.001187 1.022049 1.017393 1.006858 0.997077 0.999236 0.992031 0.977724 0.973978 0.994606 1.002254 1.002852 0.999496 1.023246 1.006624 0.994788 0.992863 1.024676 1.003996 0.994112 0.987037 0.985060 1.008211 0.998170 1.011852 1.028344 1.026107 1.041922 1.004153 1.009277 0.990496 1.002202 0.986074 0.998222 0.998612 0.999054 0.999470 1.005193 0.993488 0.992395 1.018641 1.001812 0.998430 0.978791 0.986152 1.000199 1.003450 0.987141 0.970077 0.987089 0.985268 0.994502 1.009225 1.031023 1.006026 0.987661 0.979025 0.993045 0.987765 0.981756
1.018589 1.021633 0.991407 0.997806 1.008029 1.012529 1.002852 1.004231 0.999418 0.992473 0.974473 0.981028 0.995282 0.992759 1.003945 1.005843 1.017471 1.013439 1.014896 1.020826 1.022777 0.991146 0.994606 1.011332 1.006598 0.990210 0.999314 1.000303 1.004647 1.014454 0.999522 1.014584 1.023636 1.019318 0.994658 0.982250 0.981782 0.988181 0.996869 1.004283 0.999626 0.995855 0.976710 0.993306 1.003008 0.990210 1.001760 1.001551 0.979649 0.984643 1.014636 0.994554 0.977022 0.990938 0.990496 0.991433 0.994476 1.021009 1.015442 1.020436 1.006104 0.983005 1.004959 1.009485
1.002514 0.999522 0.979597 0.981002 0.993644 0.993696 1.006390 1.014714 1.003632 0.990210 0.987063 0.988623 1.002488 0.985346 1.000927 1.015026 1.016613 1.011722 1.016326 1.007924 1.006624 0.998378 0.987635 0.999366 0.996245 1.003736 1.000693 1.021503 1.012503 1.014219 0.995412 1.005583 1.012737 1.010552 0.987401 0.984097 0.997337 1.011098 0.996037 0.989118 0.972418 0.982823 0.998482 1.006052 1.015260 0.987453 0.998716 0.977880 0.975851 0.998898 0.996505 1.026497 1.013673 0.999002 0.977698 0.980950 1.002306 1.023714 0.998846 0.991979 0.993071 0.994606 0.998352 0.981184
0.986776 0.990886 0.986022 0.976267 0.996297 1.003919 0.994502 1.020722 1.008211 0.982562 0.996349 1.006078 1.009355 0.996349 0.989924 0.981132 0.985892 1.004725 1.017653 1.014610 0.999314 1.008757 0.989664 0.975201 1.006988 0.993306 1.015156 1.022439 1.017159 1.016534 0.990210 0.999314 1.021685 1.007404 0.995178 0.998352 1.009615 1.013517 1.018355 1.004959 0.994138 0.981158 0.999757 0.996375 1.016404 0.996869 0.990314 0.984487 0.979675 0.997806 0.999236 1.021269 1.009381 0.992941 0.990418 0.973042 0.993852 1.012659 0.991120 0.986750 0.985424 0.992525 1.008705 1.013049
1.007638 1.018095 1.010109 1.004439 1.004907 0.990782 0.994034 0.994658 1.010578 1.002800 1.006104 1.007924 1.002514 1.001707 1.003502 1.001707 0.995412 0.978947 0.984669 0.969322 0.968464 1.000927 0.995360 0.986464 1.010916 1.013335 1.028526 1.028370 1.012997 0.999262 0.976215 0.982536 1.014662 1.020410 1.020150 0.999392 1.016508 1.020384 0.997806 1.006676 1.003919 0.996661 0.985944 0.983525 0.985476 0.999106 0.988623 1.002462 0.985710 1.004335 0.998118 1.010630 1.001890 0.972027 0.988909 0.989404 1.004335 1.001812 0.978504 0.979701 0.999002 1.003528 0.993722 0.999705
1.006338 1.010422 0.996999 0.998794 1.008783 1.001707 1.009875 0.995803 0.991849 0.982562 0.968126 0.989534 1.005583 0.985424 0.975773 0.997832 0.994034 0.985528 0.984253 0.987089 0.992213 1.009823 1.014011 0.999991 1.006988 1.004699 1.011358 1.015364 1.007066 1.005089 1.022803 1.015598 1.014557 1.032064 1.009225 1.007456 1.015364 1.001187 0.993566 0.984643 0.988597 0.995152 0.987375 0.982276 0.992811 1.000719 0.991745 0.993852 1.005427 1.003866 0.985554 1.012893 1.017913 0.999522 0.979181 0.993956 0.991849 0.983863 1.008419 1.016482 1.008471 1.020072 1.016951 1.016743
0.991641 1.016873 1.023454 0.996427 1.005505 1.010838 0.984721 1.003971 0.989482 0.980872 0.968646 0.985320 1.005063 0.988597 0.996791 1.004517 1.000875 1.013985 1.008367 1.004829 0.985190 0.985710 0.999835 0.998378 1.003060 0.989508 0.997467 1.004621 1.003424 0.991042 1.019396 1.005245 1.007664 1.015624 1.001499 1.033547 1.025639 1.011956 0.998430 0.991355 0.997493 0.993774 1.005271 0.987661 0.995699 0.988181 0.981210 1.002930 0.990522 0.982172 0.974108 1.002566 1.008549 1.008237 0.991849 1.005921 1.000641 0.982927 0.985034 1.009667 0.996011 0.994788 1.005765 1.002852
1.005089 1.010526 1.019214 0.992031 1.007404 1.012581 0.995959 1.017445 0.975929 0.974785 0.979935 0.991823 0.994164 0.995803 1.005427 0.981704 1.009043 1.010370 1.001473 1.001083 1.010188 1.003554 0.999262 0.992473 1.011592 1.005557 0.978999 0.983577 1.005115 0.981132 0.992473 0.999470 0.997624 0.991355 1.001968 1.034067 1.026159 1.012008 1.000693 1.008939 1.005505 1.007664 1.010500 1.016144 1.013855 0.976996 0.970545 0.990600 1.003971 1.002670 0.988181 1.006546 1.002202 1.009719 0.997051 0.993149 1.005817 0.998040 0.986620 0.995204 0.984409 1.004621 0.996999 0.989248
1.004465 0.992135 1.005505 1.001421 1.002800 0.996271 0.998118 1.009485 0.992213 0.985918 0.986152 0.990886 0.994164 0.990080 0.992161 0.999132 0.994892 0.999965 0.994762 0.990990 1.000953 1.008367 1.003320 0.991146 0.991433 1.010760 1.002436 0.978817 1.007560 0.978921 0.982172 1.000641 0.997936 0.985294 0.974785 1.015468 1.019006 0.988883 0.996219 1.018355 1.001577 0.992525 0.994710 1.008497 0.992681 0.987869 0.967111 0.976398 1.002566 1.006858 1.006416 1.011566 1.010994 1.003476 0.987115 0.975825 1.004959 1.017497 0.997910 0.988155 1.007768 0.993123 0.998898 1.019786
1.012164 0.993722 0.994502 1.010942 0.989430 0.982718 0.986828 1.011644 1.010838 1.013387 1.013959 1.023688 1.004127 0.991198 0.993800 1.001942 1.004933 0.994606 1.012685 0.996687 0.994034 0.990236 1.009407 1.013257 1.004153 0.984773 1.001447 0.995412 1.004543 0.995204 0.987271 0.986802 1.002540 0.983655 0.991172 1.011306 1.015208 0.988935 0.986724 0.998612 0.990288 1.001343 1.011046 1.009823 1.006468 0.981990 0.971897 0.978895 0.994814 0.993826 1.005271 1.015078 1.018043 1.017913 0.983161 0.992889 1.012581 1.008835 1.010448 0.997806 0.993618 1.005713 1.006936 0.999392
1.004231 0.995881 0.994320 0.999731 0.983239 0.989950 0.992733 1.011436 1.012190 1.004361 0.993123 0.992967 1.002254 0.993253 0.997363 1.000095 1.024312 0.992421 1.000173 0.996453 0.991094 0.982614 1.002306 0.997676 1.006026 0.985580 0.990600 1.010994 1.001187 0.984097 1.000485 0.989716 1.002722 1.007326 0.966903 0.999080 1.009277 1.000797 1.020358 1.004179 1.005245 0.992031 1.008991 0.999496 1.008731 0.983551 0.969712 0.983369 1.003450 0.997962 1.021815 1.031440 1.015338 1.018433 0.998846 1.012997 0.999054 0.999939 1.000979 1.005427 1.000563 1.012216 1.016690 1.008627
1.006156 0.996609 0.997806 0.999028 1.004725 1.014063 1.021061 1.005557 1.012893 0.994086 0.980924 0.970857 0.985112 0.982016 0.987687 0.996167 1.045590 1.003658 0.982640 0.998950 0.999991 0.999392 0.987713 0.991615 0.997806 1.001994 0.997676 1.005479 0.985944 0.996765 0.986568 0.990028 1.009563 0.998872 0.986724 1.008054 1.009693 0.991615 1.006832 0.981080 1.005427 1.016977 1.023766 1.015728 1.019422 0.992083 0.986022 0.993462 0.990262 1.011124 1.012295 0.997207 1.001837 0.993488 0.992395 1.017913 1.001291 1.017445 1.009953 0.996791 0.992265 0.985684 0.987999 0.997129
0.991875 0.984045 0.999418 0.988233 1.005349 1.018746 1.026367 1.021529 1.012867 1.003034 1.000121 0.995491 1.006520 1.006156 1.023532 1.026367 1.008549 1.004959 1.001812 0.993253 1.003060 1.017705 0.998690 0.997311 0.992083 1.006260 1.014427 1.001837 1.003554 0.987297 0.994528 0.991719 1.008159 0.986802 1.005765 0.995595 0.994788 0.998560 0.977854 0.980612 0.995569 0.992915 1.001655 0.990964 0.999913 0.992733 0.999574 0.984097 0.968724 0.990236 0.993175 1.007014 0.995647 0.966981 1.002592 1.022699 1.007040 1.000121 0.998144 1.003606 0.996557 1.004543 1.005609 0.993097
0.981106 1.012737 0.994840 1.017107 0.997545 1.011800 1.003424 0.996089 1.015936 1.000199 0.998612 0.988909 1.027928 1.021529 1.003814 1.006468 1.011098 0.998248 0.995074 0.983499 0.994554 1.008523 0.994944 0.992811 1.003606 1.014531 1.002904 1.003762 1.002384 1.002254 1.002176 1.005037 1.003632 0.998768 1.019448 0.990392 0.983317 0.994918 0.984487 0.999913 1.021009 1.009407 0.985528 0.993045 0.983993 0.987245 0.981002 0.997181 0.988129 0.989065 0.989013 1.014506 1.001369 0.987843 0.991042 1.014167 1.003710 1.012711 1.011826 1.005219 0.989612 0.986750 0.979623 0.994398
0.997754 1.005115 1.021945 1.025379 1.017445 1.014427 1.005297 0.990808 1.010213 1.015130 1.009797 1.003372 1.023142 0.999444 0.995595 1.006416 1.024338 1.009381 0.983707 0.980872 1.003294 1.000095 1.004777 0.994086 0.998508 1.012763 1.009251 1.019240 1.001681 1.001603 1.010188 0.992447 0.997962 0.998794 0.991927 0.997572 0.992629 0.981756 0.980273 1.002930 1.006650 1.014219 1.015962 0.992681 0.970363 0.979259 0.996063 1.002566 0.988233 1.009147 0.984435 0.993149 1.010916 1.007066 0.998222 1.007534 0.999210 0.991485 1.001786 1.007846 0.987453 1.002566 0.996141 1.003971
0.992525 0.979129 1.003762 0.988857 1.001265 1.006208 1.008627 0.996661 0.999236 1.007508 1.003008 1.018277 0.997624 1.004751 1.006338 1.027278 1.015988 0.997676 1.021191 1.014922 0.997676 0.987401 0.986386 0.981834 1.004855 0.996505 1.005947 0.999002 0.989039 0.987661 0.991823 1.005427 0.991329 0.985944 0.991381 0.991120 0.989742 1.001629 0.982536 1.002930 1.003320 0.997545 0.992135 0.974108 0.976632 0.987089 1.006234 1.003190 0.982016 0.985788 0.987791 0.984383 0.996349 0.987375 0.981288 1.001161 1.007664 1.005115 1.017731 0.988285 1.013101 1.012555 1.004699 1.024494
0.984695 0.980247 0.989508 0.983161 0.996505 1.007482 0.997467 0.998976 1.002072 1.002878 0.994450 0.999340 0.989846 1.003840 1.005609 1.017809 1.007326 0.997545 0.996999 1.012555 1.007872 0.998872 0.998040 0.986906 1.006728 1.012398 0.998170 1.014349 0.998040 0.985528 0.988597 1.000277 0.986126 1.000173 0.999496 0.985268 0.987375 1.008653 0.984019 0.987037 0.993331 1.005557 0.998222 0.983993 0.980403 0.990730 1.003554 1.001890 1.001343 0.993670 0.999028 1.005583 0.977412 0.988181 0.989508 0.996037 0.982901 0.990184 1.010213 1.019084 1.000563 1.010942 1.005635 1.008080
0.983135 0.988311 0.988987 1.000927 0.989039 1.006780 1.004959 0.985814 0.990834 0.983213 1.008106 1.036434 1.005271 1.015728 0.996479 1.002254 1.009329 1.007586 0.987895 1.010864 0.994398 1.008783 1.009667 1.004075 1.001916 1.009381 0.991381 0.996453 1.008029 1.005843 0.968646 0.980169 0.993696 0.999002 0.991979 0.990704 0.971325 0.986334 1.034925 1.021867 1.004491 1.018095 1.000641 1.018563 1.001942 0.971039 0.991303 1.004387 1.014297 1.008731 0.990548 0.997207 1.008861 1.013023 1.004803 1.007612 0.989638 0.979207 1.007690 1.010161 1.003658 1.000147 0.989248 0.990392
0.984071 0.983655 0.980585 0.992993 0.983109 1.006338 1.003945 1.010812 0.973068 0.976528 0.987661 1.009485 1.001473 1.001681 0.993227 1.006910 1.014740 0.986204 0.991797 0.981886 0.973588 1.000355 0.987635 0.986464 0.995803 0.989898 0.992941 1.000875 1.012581 1.016066 0.975981 1.004309 1.006780 1.000979 0.984565 0.991485 0.998482 1.011930 0.991953 1.008054 1.027824 1.020826 1.003840 1.017315 1.014089 0.985164 0.989898 1.006104 1.000225 0.997389 0.999028 0.993462 1.011514 1.018485 1.001317 0.995699 1.015000 0.985502 1.002670 1.011592 1.013439 1.017549 1.007950 1.001031
1.001890 1.012867 1.013127 0.974265 0.963313 0.984565 0.997572 1.013699 1.003346 1.006650 0.997493 0.990340 1.005453 1.024546 0.998404 1.003424 1.013361 0.981522 0.996531 0.996713 0.993904 1.003346 0.975929 0.974707 0.985086 0.996167 0.996817 0.990184 0.983525 0.981522 0.999913 1.023896 1.024676 1.002826 1.003476 1.010786 0.995985 1.008080 1.004517 1.021919 1.014401 0.997025 1.004569 1.002254 1.002202 1.010838 1.006416 0.996869 1.008549 1.001291 0.996635 0.997962 1.008575 0.993956 0.994164 1.016144 0.992369 0.988415 0.985892 0.991277 1.013361 1.014193 0.994320 1.013101
